time,signal
0.00000,-2
0.00833,-2
0.01667,0
0.02500,0
0.03333,0
0.04167,0
0.05000,0
0.05833,0
0.06667,0
0.07500,0
0.08333,0
0.09167,-0
0.10000,-1
0.10833,-1
0.11667,-1
0.12500,-0
0.13333,-0
0.14167,0
0.15000,0
0.15833,0
0.16667,0
0.17500,-0
0.18333,-0
0.19167,-0
0.20000,-0
0.20833,0
0.21667,1
0.22500,1
0.23333,1
0.24167,1
0.25000,1
0.25833,1
0.26667,2
0.27500,1
0.28333,1
0.29167,1
0.30000,1
0.30833,1
0.31667,1
0.32500,1
0.33333,0
0.34167,-0
0.35000,-0
0.35833,-0
0.36667,-0
0.37500,-0
0.38333,-0
0.39167,0
0.40000,0
0.40833,0
0.41667,-0
0.42500,-0
0.43333,-0
0.44167,0
0.45000,0
0.45833,0
0.46667,0
0.47500,0
0.48333,0
0.49167,0
0.50000,-0
0.50833,-0
0.51667,-0
0.52500,-0
0.53333,-0
0.54167,-0
0.55000,-0
0.55833,-0
0.56667,-0
0.57500,-0
0.58333,-0
0.59167,-0
0.60000,-0
0.60833,0
0.61667,0
0.62500,1
0.63333,0
0.64167,0
0.65000,-0
0.65833,-1
0.66667,-1
0.67500,-1
0.68333,-1
0.69167,-1
0.70000,-1
0.70833,-0
0.71667,-0
0.72500,-1
0.73333,-1
0.74167,-1
0.75000,-1
0.75833,-1
0.76667,-1
0.77500,-1
0.78333,-1
0.79167,-1
0.80000,-2
0.80833,-1
0.81667,-1
0.82500,-2
0.83333,-2
0.84167,-1
0.85000,-1
0.85833,-1
0.86667,-1
0.87500,-0
0.88333,-0
0.89167,-0
0.90000,-0
0.90833,-1
0.91667,-1
0.92500,-1
0.93333,-1
0.94167,-2
0.95000,-2
0.95833,-2
0.96667,-2
0.97500,-2
0.98333,-2
0.99167,-2
1.00000,-2
1.00833,-2
1.01667,-2
1.02500,-2
1.03333,-2
1.04167,-2
1.05000,-2
1.05833,-1
1.06667,-1
1.07500,-1
1.08333,-1
1.09167,-2
1.10000,-2
1.10833,-2
1.11667,-1
1.12500,-1
1.13333,-1
1.14167,-2
1.15000,-2
1.15833,-2
1.16667,-2
1.17500,-2
1.18333,-2
1.19167,-2
1.20000,-2
1.20833,-2
1.21667,-3
1.22500,-2
1.23333,-2
1.24167,-2
1.25000,-2
1.25833,-2
1.26667,-1
1.27500,-1
1.28333,-1
1.29167,-1
1.30000,-1
1.30833,-1
1.31667,-1
1.32500,-1
1.33333,-1
1.34167,-1
1.35000,-1
1.35833,-1
1.36667,-1
1.37500,-1
1.38333,-1
1.39167,-1
1.40000,-1
1.40833,-1
1.41667,-1
1.42500,-1
1.43333,-1
1.44167,-1
1.45000,-1
1.45833,-2
1.46667,-2
1.47500,-2
1.48333,-2
1.49167,-2
1.50000,-2
1.50833,-2
1.51667,-2
1.52500,-2
1.53333,-2
1.54167,-2
1.55000,-2
1.55833,-2
1.56667,-2
1.57500,-2
1.58333,-2
1.59167,-2
1.60000,-2
1.60833,-2
1.61667,-1
1.62500,-1
1.63333,-1
1.64167,-1
1.65000,-1
1.65833,-1
1.66667,-2
1.67500,-2
1.68333,-2
1.69167,-2
1.70000,-2
1.70833,-2
1.71667,-2
1.72500,-2
1.73333,-1
1.74167,-1
1.75000,-1
1.75833,-1
1.76667,-1
1.77500,-1
1.78333,-1
1.79167,-1
1.80000,-1
1.80833,-1
1.81667,-1
1.82500,-1
1.83333,-1
1.84167,-1
1.85000,-1
1.85833,-1
1.86667,-1
1.87500,-1
1.88333,-1
1.89167,-1
1.90000,-1
1.90833,-1
1.91667,-2
1.92500,-2
1.93333,-2
1.94167,-2
1.95000,-2
1.95833,-2
1.96667,-1
1.97500,-2
1.98333,-2
1.99167,-2
2.00000,-2
2.00833,-2
2.01667,-2
2.02500,-2
2.03333,-2
2.04167,-2
2.05000,-2
2.05833,-2
2.06667,-2
2.07500,-2
2.08333,-2
2.09167,-2
2.10000,-2
2.10833,-2
2.11667,-2
2.12500,-2
2.13333,-2
2.14167,-3
2.15000,-3
2.15833,-4
2.16667,-4
2.17500,-4
2.18333,-4
2.19167,-3
2.20000,-3
2.20833,-3
2.21667,-3
2.22500,-3
2.23333,-3
2.24167,-3
2.25000,-3
2.25833,-3
2.26667,-2
2.27500,-2
2.28333,-2
2.29167,-2
2.30000,-2
2.30833,-2
2.31667,-2
2.32500,-2
2.33333,-2
2.34167,-2
2.35000,-3
2.35833,-3
2.36667,-3
2.37500,-3
2.38333,-3
2.39167,-3
2.40000,-3
2.40833,-3
2.41667,-3
2.42500,-3
2.43333,-3
2.44167,-2
2.45000,-2
2.45833,-2
2.46667,-3
2.47500,-3
2.48333,-3
2.49167,-2
2.50000,-2
2.50833,-2
2.51667,-2
2.52500,-2
2.53333,-2
2.54167,-3
2.55000,-3
2.55833,-3
2.56667,-3
2.57500,-3
2.58333,-3
2.59167,-3
2.60000,-2
2.60833,-2
2.61667,-2
2.62500,-2
2.63333,-2
2.64167,-2
2.65000,-2
2.65833,-2
2.66667,-3
2.67500,-3
2.68333,-3
2.69167,-3
2.70000,-3
2.70833,-3
2.71667,-3
2.72500,-3
2.73333,-3
2.74167,-3
2.75000,-3
2.75833,-3
2.76667,-3
2.77500,-3
2.78333,-3
2.79167,-2
2.80000,-2
2.80833,-2
2.81667,-2
2.82500,-3
2.83333,-3
2.84167,-3
2.85000,-3
2.85833,-3
2.86667,-3
2.87500,-3
2.88333,-3
2.89167,-3
2.90000,-3
2.90833,-3
2.91667,-3
2.92500,-3
2.93333,-3
2.94167,-3
2.95000,-2
2.95833,-2
2.96667,-2
2.97500,-2
2.98333,-2
2.99167,-2
3.00000,-2
3.00833,-3
3.01667,-3
3.02500,-3
3.03333,-3
3.04167,-3
3.05000,-3
3.05833,-3
3.06667,-3
3.07500,-3
3.08333,-3
3.09167,-4
3.10000,-4
3.10833,-3
3.11667,-3
3.12500,-3
3.13333,-3
3.14167,-3
3.15000,-3
3.15833,-3
3.16667,-3
3.17500,-4
3.18333,-4
3.19167,-4
3.20000,-3
3.20833,-3
3.21667,-4
3.22500,-4
3.23333,-4
3.24167,-4
3.25000,-4
3.25833,-4
3.26667,-4
3.27500,-4
3.28333,-4
3.29167,-5
3.30000,-5
3.30833,-4
3.31667,-4
3.32500,-4
3.33333,-4
3.34167,-4
3.35000,-4
3.35833,-4
3.36667,-4
3.37500,-4
3.38333,-4
3.39167,-5
3.40000,-5
3.40833,-5
3.41667,-5
3.42500,-5
3.43333,-5
3.44167,-5
3.45000,-5
3.45833,-4
3.46667,-4
3.47500,-5
3.48333,-5
3.49167,-5
3.50000,-5
3.50833,-5
3.51667,-5
3.52500,-5
3.53333,-5
3.54167,-5
3.55000,-5
3.55833,-5
3.56667,-5
3.57500,-5
3.58333,-5
3.59167,-4
3.60000,-4
3.60833,-4
3.61667,-4
3.62500,-5
3.63333,-5
3.64167,-5
3.65000,-5
3.65833,-5
3.66667,-4
3.67500,-4
3.68333,-4
3.69167,-4
3.70000,-5
3.70833,-5
3.71667,-6
3.72500,-6
3.73333,-5
3.74167,-5
3.75000,-5
3.75833,-5
3.76667,-5
3.77500,-5
3.78333,-5
3.79167,-5
3.80000,-4
3.80833,-4
3.81667,-4
3.82500,-4
3.83333,-4
3.84167,-4
3.85000,-4
3.85833,-5
3.86667,-5
3.87500,-5
3.88333,-5
3.89167,-5
3.90000,-5
3.90833,-5
3.91667,-5
3.92500,-5
3.93333,-5
3.94167,-5
3.95000,-6
3.95833,-6
3.96667,-6
3.97500,-6
3.98333,-6
3.99167,-5
4.00000,-5
4.00833,-5
4.01667,-5
4.02500,-5
4.03333,-5
4.04167,-5
4.05000,-6
4.05833,-6
4.06667,-6
4.07500,-6
4.08333,-6
4.09167,-6
4.10000,-6
4.10833,-6
4.11667,-6
4.12500,-6
4.13333,-6
4.14167,-6
4.15000,-5
4.15833,-5
4.16667,-5
4.17500,-5
4.18333,-5
4.19167,-6
4.20000,-6
4.20833,-6
4.21667,-6
4.22500,-5
4.23333,-6
4.24167,-6
4.25000,-6
4.25833,-6
4.26667,-6
4.27500,-6
4.28333,-7
4.29167,-7
4.30000,-6
4.30833,-6
4.31667,-6
4.32500,-6
4.33333,-6
4.34167,-6
4.35000,-7
4.35833,-7
4.36667,-7
4.37500,-7
4.38333,-7
4.39167,-7
4.40000,-7
4.40833,-6
4.41667,-6
4.42500,-6
4.43333,-6
4.44167,-6
4.45000,-6
4.45833,-7
4.46667,-7
4.47500,-7
4.48333,-7
4.49167,-8
4.50000,-8
4.50833,-7
4.51667,-7
4.52500,-7
4.53333,-7
4.54167,-6
4.55000,-6
4.55833,-6
4.56667,-6
4.57500,-6
4.58333,-6
4.59167,-6
4.60000,-6
4.60833,-7
4.61667,-7
4.62500,-7
4.63333,-7
4.64167,-7
4.65000,-7
4.65833,-7
4.66667,-7
4.67500,-7
4.68333,-7
4.69167,-7
4.70000,-7
4.70833,-7
4.71667,-7
4.72500,-7
4.73333,-6
4.74167,-6
4.75000,-6
4.75833,-6
4.76667,-6
4.77500,-6
4.78333,-6
4.79167,-7
4.80000,-7
4.80833,-7
4.81667,-7
4.82500,-7
4.83333,-7
4.84167,-7
4.85000,-7
4.85833,-7
4.86667,-8
4.87500,-8
4.88333,-8
4.89167,-8
4.90000,-8
4.90833,-8
4.91667,-8
4.92500,-8
4.93333,-8
4.94167,-8
4.95000,-8
4.95833,-8
4.96667,-8
4.97500,-8
4.98333,-8
4.99167,-8
5.00000,-8
5.00833,-8
5.01667,-8
5.02500,-8
5.03333,-8
5.04167,-8
5.05000,-8
5.05833,-8
5.06667,-7
5.07500,-7
5.08333,-8
5.09167,-8
5.10000,-8
5.10833,-8
5.11667,-7
5.12500,-8
5.13333,-8
5.14167,-7
5.15000,-7
5.15833,-7
5.16667,-8
5.17500,-8
5.18333,-8
5.19167,-8
5.20000,-8
5.20833,-8
5.21667,-8
5.22500,-8
5.23333,-8
5.24167,-8
5.25000,-8
5.25833,-8
5.26667,-8
5.27500,-8
5.28333,-8
5.29167,-8
5.30000,-8
5.30833,-8
5.31667,-8
5.32500,-8
5.33333,-8
5.34167,-8
5.35000,-8
5.35833,-8
5.36667,-8
5.37500,-8
5.38333,-8
5.39167,-8
5.40000,-9
5.40833,-9
5.41667,-9
5.42500,-9
5.43333,-9
5.44167,-9
5.45000,-8
5.45833,-8
5.46667,-8
5.47500,-8
5.48333,-8
5.49167,-9
5.50000,-9
5.50833,-9
5.51667,-9
5.52500,-9
5.53333,-9
5.54167,-9
5.55000,-9
5.55833,-9
5.56667,-9
5.57500,-10
5.58333,-10
5.59167,-9
5.60000,-9
5.60833,-9
5.61667,-8
5.62500,-8
5.63333,-9
5.64167,-9
5.65000,-9
5.65833,-9
5.66667,-9
5.67500,-9
5.68333,-9
5.69167,-9
5.70000,-9
5.70833,-9
5.71667,-9
5.72500,-9
5.73333,-9
5.74167,-8
5.75000,-8
5.75833,-9
5.76667,-9
5.77500,-9
5.78333,-9
5.79167,-9
5.80000,-9
5.80833,-9
5.81667,-9
5.82500,-8
5.83333,-8
5.84167,-8
5.85000,-8
5.85833,-8
5.86667,-8
5.87500,-8
5.88333,-8
5.89167,-8
5.90000,-8
5.90833,-8
5.91667,-8
5.92500,-8
5.93333,-8
5.94167,-9
5.95000,-9
5.95833,-9
5.96667,-9
5.97500,-9
5.98333,-9
5.99167,-9
6.00000,-9
6.00833,-9
6.01667,-9
6.02500,-9
6.03333,-9
6.04167,-9
6.05000,-8
6.05833,-8
6.06667,-8
6.07500,-8
6.08333,-7
6.09167,-7
6.10000,-8
6.10833,-8
6.11667,-8
6.12500,-9
6.13333,-9
6.14167,-9
6.15000,-9
6.15833,-9
6.16667,-10
6.17500,-10
6.18333,-10
6.19167,-9
6.20000,-9
6.20833,-9
6.21667,-9
6.22500,-9
6.23333,-9
6.24167,-9
6.25000,-9
6.25833,-9
6.26667,-10
6.27500,-9
6.28333,-9
6.29167,-9
6.30000,-9
6.30833,-9
6.31667,-9
6.32500,-9
6.33333,-9
6.34167,-9
6.35000,-9
6.35833,-8
6.36667,-8
6.37500,-8
6.38333,-8
6.39167,-9
6.40000,-9
6.40833,-9
6.41667,-8
6.42500,-8
6.43333,-8
6.44167,-8
6.45000,-9
6.45833,-9
6.46667,-9
6.47500,-9
6.48333,-9
6.49167,-9
6.50000,-9
6.50833,-9
6.51667,-9
6.52500,-9
6.53333,-9
6.54167,-9
6.55000,-10
6.55833,-10
6.56667,-10
6.57500,-9
6.58333,-9
6.59167,-9
6.60000,-9
6.60833,-9
6.61667,-9
6.62500,-9
6.63333,-10
6.64167,-10
6.65000,-10
6.65833,-10
6.66667,-10
6.67500,-10
6.68333,-10
6.69167,-10
6.70000,-10
6.70833,-10
6.71667,-10
6.72500,-9
6.73333,-9
6.74167,-9
6.75000,-9
6.75833,-9
6.76667,-9
6.77500,-9
6.78333,-8
6.79167,-8
6.80000,-9
6.80833,-9
6.81667,-9
6.82500,-10
6.83333,-10
6.84167,-9
6.85000,-9
6.85833,-10
6.86667,-9
6.87500,-9
6.88333,-10
6.89167,-10
6.90000,-10
6.90833,-10
6.91667,-10
6.92500,-10
6.93333,-10
6.94167,-10
6.95000,-10
6.95833,-10
6.96667,-10
6.97500,-10
6.98333,-9
6.99167,-9
7.00000,-9
7.00833,-9
7.01667,-10
7.02500,-10
7.03333,-10
7.04167,-11
7.05000,-11
7.05833,-11
7.06667,-11
7.07500,-11
7.08333,-11
7.09167,-11
7.10000,-11
7.10833,-11
7.11667,-10
7.12500,-10
7.13333,-11
7.14167,-11
7.15000,-11
7.15833,-11
7.16667,-10
7.17500,-10
7.18333,-10
7.19167,-10
7.20000,-10
7.20833,-9
7.21667,-9
7.22500,-9
7.23333,-9
7.24167,-9
7.25000,-9
7.25833,-9
7.26667,-9
7.27500,-9
7.28333,-10
7.29167,-10
7.30000,-10
7.30833,-10
7.31667,-10
7.32500,-10
7.33333,-10
7.34167,-10
7.35000,-10
7.35833,-10
7.36667,-10
7.37500,-10
7.38333,-10
7.39167,-10
7.40000,-10
7.40833,-9
7.41667,-9
7.42500,-9
7.43333,-9
7.44167,-9
7.45000,-9
7.45833,-9
7.46667,-9
7.47500,-10
7.48333,-10
7.49167,-10
7.50000,-9
7.50833,-10
7.51667,-10
7.52500,-10
7.53333,-10
7.54167,-9
7.55000,-9
7.55833,-9
7.56667,-9
7.57500,-8
7.58333,-8
7.59167,-9
7.60000,-9
7.60833,-9
7.61667,-9
7.62500,-9
7.63333,-9
7.64167,-10
7.65000,-10
7.65833,-10
7.66667,-10
7.67500,-10
7.68333,-10
7.69167,-10
7.70000,-10
7.70833,-9
7.71667,-9
7.72500,-9
7.73333,-10
7.74167,-10
7.75000,-10
7.75833,-9
7.76667,-9
7.77500,-9
7.78333,-10
7.79167,-10
7.80000,-10
7.80833,-10
7.81667,-10
7.82500,-10
7.83333,-10
7.84167,-10
7.85000,-10
7.85833,-10
7.86667,-10
7.87500,-10
7.88333,-10
7.89167,-10
7.90000,-10
7.90833,-10
7.91667,-10
7.92500,-10
7.93333,-10
7.94167,-10
7.95000,-10
7.95833,-9
7.96667,-9
7.97500,-9
7.98333,-9
7.99167,-8
8.00000,-8
8.00833,-8
8.01667,-8
8.02500,-8
8.03333,-9
8.04167,-9
8.05000,-9
8.05833,-9
8.06667,-10
8.07500,-10
8.08333,-10
8.09167,-10
8.10000,-10
8.10833,-10
8.11667,-10
8.12500,-11
8.13333,-10
8.14167,-10
8.15000,-10
8.15833,-10
8.16667,-9
8.17500,-9
8.18333,-9
8.19167,-9
8.20000,-10
8.20833,-9
8.21667,-9
8.22500,-9
8.23333,-9
8.24167,-9
8.25000,-9
8.25833,-9
8.26667,-10
8.27500,-10
8.28333,-9
8.29167,-9
8.30000,-10
8.30833,-10
8.31667,-10
8.32500,-10
8.33333,-9
8.34167,-9
8.35000,-9
8.35833,-8
8.36667,-8
8.37500,-8
8.38333,-9
8.39167,-9
8.40000,-9
8.40833,-9
8.41667,-9
8.42500,-9
8.43333,-9
8.44167,-9
8.45000,-9
8.45833,-9
8.46667,-9
8.47500,-9
8.48333,-9
8.49167,-8
8.50000,-8
8.50833,-8
8.51667,-8
8.52500,-8
8.53333,-8
8.54167,-9
8.55000,-9
8.55833,-8
8.56667,-8
8.57500,-9
8.58333,-9
8.59167,-9
8.60000,-9
8.60833,-8
8.61667,-8
8.62500,-8
8.63333,-8
8.64167,-8
8.65000,-9
8.65833,-9
8.66667,-9
8.67500,-9
8.68333,-9
8.69167,-9
8.70000,-9
8.70833,-9
8.71667,-9
8.72500,-9
8.73333,-9
8.74167,-9
8.75000,-9
8.75833,-9
8.76667,-8
8.77500,-8
8.78333,-8
8.79167,-8
8.80000,-8
8.80833,-9
8.81667,-9
8.82500,-9
8.83333,-9
8.84167,-9
8.85000,-9
8.85833,-9
8.86667,-9
8.87500,-9
8.88333,-9
8.89167,-10
8.90000,-10
8.90833,-10
8.91667,-10
8.92500,-10
8.93333,-9
8.94167,-9
8.95000,-9
8.95833,-9
8.96667,-9
8.97500,-9
8.98333,-9
8.99167,-9
9.00000,-9
9.00833,-9
9.01667,-9
9.02500,-8
9.03333,-8
9.04167,-8
9.05000,-8
9.05833,-8
9.06667,-8
9.07500,-8
9.08333,-8
9.09167,-9
9.10000,-9
9.10833,-9
9.11667,-9
9.12500,-9
9.13333,-9
9.14167,-9
9.15000,-9
9.15833,-9
9.16667,-9
9.17500,-9
9.18333,-9
9.19167,-9
9.20000,-9
9.20833,-9
9.21667,-9
9.22500,-9
9.23333,-9
9.24167,-9
9.25000,-9
9.25833,-9
9.26667,-9
9.27500,-9
9.28333,-9
9.29167,-9
9.30000,-9
9.30833,-9
9.31667,-9
9.32500,-8
9.33333,-8
9.34167,-9
9.35000,-9
9.35833,-9
9.36667,-9
9.37500,-9
9.38333,-9
9.39167,-9
9.40000,-9
9.40833,-9
9.41667,-9
9.42500,-8
9.43333,-8
9.44167,-8
9.45000,-8
9.45833,-8
9.46667,-8
9.47500,-8
9.48333,-8
9.49167,-8
9.50000,-8
9.50833,-7
9.51667,-7
9.52500,-8
9.53333,-8
9.54167,-8
9.55000,-8
9.55833,-8
9.56667,-8
9.57500,-8
9.58333,-9
9.59167,-9
9.60000,-8
9.60833,-8
9.61667,-8
9.62500,-9
9.63333,-9
9.64167,-8
9.65000,-8
9.65833,-8
9.66667,-8
9.67500,-8
9.68333,-8
9.69167,-8
9.70000,-8
9.70833,-8
9.71667,-8
9.72500,-8
9.73333,-8
9.74167,-8
9.75000,-8
9.75833,-8
9.76667,-8
9.77500,-7
9.78333,-7
9.79167,-8
9.80000,-8
9.80833,-8
9.81667,-9
9.82500,-9
9.83333,-9
9.84167,-9
9.85000,-9
9.85833,-9
9.86667,-9
9.87500,-9
9.88333,-9
9.89167,-9
9.90000,-8
9.90833,-8
9.91667,-8
9.92500,-8
9.93333,-8
9.94167,-8
9.95000,-8
9.95833,-8
9.96667,-8
9.97500,-8
9.98333,-8
9.99167,-8
10.00000,-8
10.00833,-8
10.01667,-8
10.02500,-8
10.03333,-8
10.04167,-8
10.05000,-8
10.05833,-8
10.06667,-8
10.07500,-8
10.08333,-8
10.09167,-8
10.10000,-8
10.10833,-8
10.11667,-8
10.12500,-8
10.13333,-7
10.14167,-7
10.15000,-7
10.15833,-7
10.16667,-7
10.17500,-7
10.18333,-8
10.19167,-8
10.20000,-8
10.20833,-8
10.21667,-8
10.22500,-8
10.23333,-8
10.24167,-8
10.25000,-8
10.25833,-9
10.26667,-9
10.27500,-9
10.28333,-9
10.29167,-9
10.30000,-9
10.30833,-9
10.31667,-9
10.32500,-9
10.33333,-9
10.34167,-9
10.35000,-9
10.35833,-9
10.36667,-9
10.37500,-9
10.38333,-9
10.39167,-9
10.40000,-9
10.40833,-9
10.41667,-9
10.42500,-9
10.43333,-9
10.44167,-9
10.45000,-8
10.45833,-8
10.46667,-8
10.47500,-8
10.48333,-8
10.49167,-9
10.50000,-10
10.50833,-11
10.51667,-12
10.52500,-14
10.53333,-17
10.54167,-20
10.55000,-24
10.55833,-29
10.56667,-35
10.57500,-43
10.58333,-53
10.59167,-65
10.60000,-80
10.60833,-98
10.61667,-119
10.62500,-145
10.63333,-174
10.64167,-209
10.65000,-248
10.65833,-294
10.66667,-345
10.67500,-402
10.68333,-466
10.69167,-536
10.70000,-611
10.70833,-693
10.71667,-781
10.72500,-874
10.73333,-972
10.74167,-1075
10.75000,-1181
10.75833,-1290
10.76667,-1401
10.77500,-1513
10.78333,-1626
10.79167,-1736
10.80000,-1845
10.80833,-1951
10.81667,-2053
10.82500,-2149
10.83333,-2238
10.84167,-2321
10.85000,-2395
10.85833,-2461
10.86667,-2517
10.87500,-2563
10.88333,-2598
10.89167,-2623
10.90000,-2637
10.90833,-2641
10.91667,-2634
10.92500,-2617
10.93333,-2590
10.94167,-2554
10.95000,-2509
10.95833,-2456
10.96667,-2396
10.97500,-2330
10.98333,-2260
10.99167,-2185
11.00000,-2106
11.00833,-2024
11.01667,-1940
11.02500,-1855
11.03333,-1770
11.04167,-1684
11.05000,-1600
11.05833,-1517
11.06667,-1436
11.07500,-1357
11.08333,-1281
11.09167,-1207
11.10000,-1137
11.10833,-1070
11.11667,-1005
11.12500,-944
11.13333,-886
11.14167,-831
11.15000,-780
11.15833,-731
11.16667,-685
11.17500,-642
11.18333,-602
11.19167,-565
11.20000,-530
11.20833,-498
11.21667,-467
11.22500,-439
11.23333,-413
11.24167,-388
11.25000,-365
11.25833,-344
11.26667,-324
11.27500,-305
11.28333,-288
11.29167,-272
11.30000,-257
11.30833,-244
11.31667,-231
11.32500,-218
11.33333,-207
11.34167,-197
11.35000,-187
11.35833,-178
11.36667,-169
11.37500,-160
11.38333,-153
11.39167,-145
11.40000,-139
11.40833,-132
11.41667,-126
11.42500,-121
11.43333,-115
11.44167,-110
11.45000,-105
11.45833,-101
11.46667,-97
11.47500,-93
11.48333,-89
11.49167,-86
11.50000,-83
11.50833,-80
11.51667,-77
11.52500,-74
11.53333,-71
11.54167,-68
11.55000,-66
11.55833,-64
11.56667,-61
11.57500,-59
11.58333,-57
11.59167,-55
11.60000,-53
11.60833,-51
11.61667,-50
11.62500,-48
11.63333,-47
11.64167,-46
11.65000,-45
11.65833,-43
11.66667,-42
11.67500,-41
11.68333,-40
11.69167,-39
11.70000,-38
11.70833,-37
11.71667,-36
11.72500,-35
11.73333,-34
11.74167,-33
11.75000,-32
11.75833,-32
11.76667,-31
11.77500,-31
11.78333,-30
11.79167,-30
11.80000,-29
11.80833,-29
11.81667,-28
11.82500,-28
11.83333,-28
11.84167,-28
11.85000,-27
11.85833,-27
11.86667,-26
11.87500,-25
11.88333,-25
11.89167,-24
11.90000,-24
11.90833,-24
11.91667,-23
11.92500,-23
11.93333,-22
11.94167,-22
11.95000,-21
11.95833,-21
11.96667,-21
11.97500,-21
11.98333,-22
11.99167,-22
12.00000,-21
12.00833,-21
12.01667,-21
12.02500,-21
12.03333,-20
12.04167,-20
12.05000,-19
12.05833,-19
12.06667,-18
12.07500,-18
12.08333,-17
12.09167,-17
12.10000,-17
12.10833,-17
12.11667,-17
12.12500,-17
12.13333,-17
12.14167,-17
12.15000,-17
12.15833,-17
12.16667,-17
12.17500,-17
12.18333,-17
12.19167,-16
12.20000,-16
12.20833,-16
12.21667,-17
12.22500,-17
12.23333,-17
12.24167,-17
12.25000,-16
12.25833,-16
12.26667,-17
12.27500,-16
12.28333,-16
12.29167,-16
12.30000,-16
12.30833,-16
12.31667,-15
12.32500,-16
12.33333,-16
12.34167,-15
12.35000,-15
12.35833,-15
12.36667,-15
12.37500,-15
12.38333,-15
12.39167,-15
12.40000,-15
12.40833,-15
12.41667,-14
12.42500,-14
12.43333,-14
12.44167,-14
12.45000,-14
12.45833,-14
12.46667,-13
12.47500,-13
12.48333,-13
12.49167,-12
12.50000,-12
12.50833,-12
12.51667,-12
12.52500,-13
12.53333,-13
12.54167,-13
12.55000,-13
12.55833,-13
12.56667,-13
12.57500,-13
12.58333,-14
12.59167,-14
12.60000,-14
12.60833,-14
12.61667,-14
12.62500,-14
12.63333,-14
12.64167,-13
12.65000,-13
12.65833,-12
12.66667,-12
12.67500,-12
12.68333,-12
12.69167,-12
12.70000,-11
12.70833,-11
12.71667,-11
12.72500,-11
12.73333,-11
12.74167,-12
12.75000,-12
12.75833,-12
12.76667,-12
12.77500,-11
12.78333,-11
12.79167,-11
12.80000,-11
12.80833,-11
12.81667,-11
12.82500,-11
12.83333,-11
12.84167,-11
12.85000,-11
12.85833,-11
12.86667,-11
12.87500,-11
12.88333,-11
12.89167,-11
12.90000,-11
12.90833,-11
12.91667,-11
12.92500,-12
12.93333,-11
12.94167,-11
12.95000,-11
12.95833,-11
12.96667,-11
12.97500,-11
12.98333,-11
12.99167,-11
13.00000,-10
13.00833,-10
13.01667,-10
13.02500,-10
13.03333,-10
13.04167,-10
13.05000,-10
13.05833,-10
13.06667,-10
13.07500,-9
13.08333,-9
13.09167,-9
13.10000,-9
13.10833,-9
13.11667,-9
13.12500,-9
13.13333,-9
13.14167,-9
13.15000,-8
13.15833,-8
13.16667,-7
13.17500,-6
13.18333,-5
13.19167,-4
13.20000,-3
13.20833,-2
13.21667,-0
13.22500,2
13.23333,4
13.24167,7
13.25000,10
13.25833,14
13.26667,18
13.27500,23
13.28333,29
13.29167,36
13.30000,44
13.30833,53
13.31667,63
13.32500,75
13.33333,88
13.34167,103
13.35000,119
13.35833,137
13.36667,157
13.37500,179
13.38333,202
13.39167,227
13.40000,255
13.40833,284
13.41667,315
13.42500,348
13.43333,382
13.44167,418
13.45000,455
13.45833,495
13.46667,535
13.47500,577
13.48333,620
13.49167,664
13.50000,708
13.50833,753
13.51667,798
13.52500,842
13.53333,887
13.54167,931
13.55000,975
13.55833,1017
13.56667,1059
13.57500,1099
13.58333,1138
13.59167,1175
13.60000,1210
13.60833,1243
13.61667,1273
13.62500,1301
13.63333,1326
13.64167,1349
13.65000,1368
13.65833,1385
13.66667,1399
13.67500,1410
13.68333,1418
13.69167,1423
13.70000,1424
13.70833,1423
13.71667,1419
13.72500,1412
13.73333,1402
13.74167,1390
13.75000,1375
13.75833,1358
13.76667,1338
13.77500,1316
13.78333,1292
13.79167,1266
13.80000,1238
13.80833,1209
13.81667,1177
13.82500,1145
13.83333,1111
13.84167,1077
13.85000,1043
13.85833,1007
13.86667,971
13.87500,935
13.88333,898
13.89167,862
13.90000,826
13.90833,790
13.91667,755
13.92500,720
13.93333,685
13.94167,652
13.95000,619
13.95833,587
13.96667,557
13.97500,526
13.98333,497
13.99167,469
14.00000,442
14.00833,416
14.01667,392
14.02500,368
14.03333,346
14.04167,325
14.05000,304
14.05833,285
14.06667,266
14.07500,249
14.08333,232
14.09167,216
14.10000,202
14.10833,188
14.11667,175
14.12500,163
14.13333,152
14.14167,142
14.15000,132
14.15833,123
14.16667,114
14.17500,106
14.18333,99
14.19167,92
14.20000,86
14.20833,80
14.21667,75
14.22500,70
14.23333,66
14.24167,62
14.25000,58
14.25833,54
14.26667,50
14.27500,47
14.28333,44
14.29167,41
14.30000,39
14.30833,36
14.31667,34
14.32500,32
14.33333,29
14.34167,27
14.35000,25
14.35833,23
14.36667,22
14.37500,21
14.38333,20
14.39167,19
14.40000,18
14.40833,17
14.41667,16
14.42500,15
14.43333,14
14.44167,13
14.45000,13
14.45833,12
14.46667,11
14.47500,10
14.48333,10
14.49167,9
14.50000,9
14.50833,8
14.51667,8
14.52500,7
14.53333,7
14.54167,6
14.55000,6
14.55833,5
14.56667,5
14.57500,5
14.58333,4
14.59167,4
14.60000,4
14.60833,4
14.61667,3
14.62500,3
14.63333,3
14.64167,3
14.65000,3
14.65833,3
14.66667,3
14.67500,3
14.68333,2
14.69167,2
14.70000,2
14.70833,1
14.71667,1
14.72500,1
14.73333,0
14.74167,0
14.75000,0
14.75833,1
14.76667,1
14.77500,1
14.78333,0
14.79167,0
14.80000,0
14.80833,0
14.81667,-0
14.82500,-0
14.83333,-0
14.84167,-1
14.85000,-1
14.85833,-1
14.86667,-1
14.87500,-1
14.88333,-1
14.89167,-1
14.90000,-2
14.90833,-2
14.91667,-2
14.92500,-2
14.93333,-3
14.94167,-3
14.95000,-3
14.95833,-4
14.96667,-4
14.97500,-4
14.98333,-3
14.99167,-3
15.00000,-3
15.00833,-3
15.01667,-3
15.02500,-3
15.03333,-3
15.04167,-4
15.05000,-4
15.05833,-4
15.06667,-5
15.07500,-4
15.08333,-4
15.09167,-4
15.10000,-4
15.10833,-3
15.11667,-4
15.12500,-4
15.13333,-4
15.14167,-4
15.15000,-4
15.15833,-4
15.16667,-4
15.17500,-4
15.18333,-4
15.19167,-4
15.20000,-4
15.20833,-3
15.21667,-4
15.22500,-4
15.23333,-4
15.24167,-4
15.25000,-4
15.25833,-3
15.26667,-3
15.27500,-3
15.28333,-3
15.29167,-3
15.30000,-2
15.30833,-1
15.31667,-0
15.32500,1
15.33333,2
15.34167,4
15.35000,5
15.35833,7
15.36667,9
15.37500,11
15.38333,13
15.39167,16
15.40000,20
15.40833,23
15.41667,26
15.42500,30
15.43333,35
15.44167,39
15.45000,45
15.45833,50
15.46667,56
15.47500,62
15.48333,68
15.49167,75
15.50000,82
15.50833,90
15.51667,98
15.52500,106
15.53333,114
15.54167,122
15.55000,131
15.55833,140
15.56667,149
15.57500,157
15.58333,166
15.59167,174
15.60000,182
15.60833,190
15.61667,198
15.62500,206
15.63333,214
15.64167,221
15.65000,228
15.65833,235
15.66667,241
15.67500,247
15.68333,252
15.69167,257
15.70000,262
15.70833,266
15.71667,270
15.72500,273
15.73333,275
15.74167,277
15.75000,278
15.75833,279
15.76667,279
15.77500,279
15.78333,278
15.79167,276
15.80000,274
15.80833,272
15.81667,269
15.82500,266
15.83333,263
15.84167,259
15.85000,254
15.85833,249
15.86667,244
15.87500,238
15.88333,232
15.89167,226
15.90000,220
15.90833,213
15.91667,206
15.92500,199
15.93333,192
15.94167,185
15.95000,178
15.95833,170
15.96667,163
15.97500,156
15.98333,148
15.99167,141
16.00000,134
16.00833,127
16.01667,121
16.02500,114
16.03333,108
16.04167,102
16.05000,96
16.05833,90
16.06667,85
16.07500,79
16.08333,74
16.09167,69
16.10000,65
16.10833,60
16.11667,56
16.12500,52
16.13333,48
16.14167,44
16.15000,41
16.15833,37
16.16667,34
16.17500,31
16.18333,28
16.19167,26
16.20000,24
16.20833,22
16.21667,20
16.22500,19
16.23333,17
16.24167,16
16.25000,14
16.25833,13
16.26667,11
16.27500,10
16.28333,9
16.29167,8
16.30000,7
16.30833,6
16.31667,4
16.32500,3
16.33333,2
16.34167,1
16.35000,0
16.35833,-1
16.36667,-1
16.37500,-2
16.38333,-2
16.39167,-2
16.40000,-3
16.40833,-3
16.41667,-4
16.42500,-4
16.43333,-4
16.44167,-4
16.45000,-4
16.45833,-4
16.46667,-4
16.47500,-4
16.48333,-5
16.49167,-5
16.50000,-5
16.50833,-6
16.51667,-6
16.52500,-6
16.53333,-6
16.54167,-6
16.55000,-6
16.55833,-6
16.56667,-6
16.57500,-6
16.58333,-6
16.59167,-7
16.60000,-7
16.60833,-6
16.61667,-6
16.62500,-6
16.63333,-7
16.64167,-7
16.65000,-7
16.65833,-7
16.66667,-7
16.67500,-7
16.68333,-7
16.69167,-8
16.70000,-7
16.70833,-7
16.71667,-7
16.72500,-8
16.73333,-8
16.74167,-8
16.75000,-8
16.75833,-8
16.76667,-8
16.77500,-9
16.78333,-9
16.79167,-9
16.80000,-9
16.80833,-9
16.81667,-9
16.82500,-9
16.83333,-8
16.84167,-8
16.85000,-8
16.85833,-8
16.86667,-8
16.87500,-9
16.88333,-9
16.89167,-9
16.90000,-9
16.90833,-9
16.91667,-9
16.92500,-9
16.93333,-9
16.94167,-9
16.95000,-9
16.95833,-8
16.96667,-8
16.97500,-8
16.98333,-8
16.99167,-9
17.00000,-9
17.00833,-8
17.01667,-9
17.02500,-9
17.03333,-9
17.04167,-10
17.05000,-9
17.05833,-9
17.06667,-9
17.07500,-9
17.08333,-9
17.09167,-9
17.10000,-9
17.10833,-8
17.11667,-8
17.12500,-8
17.13333,-8
17.14167,-8
17.15000,-8
17.15833,-8
17.16667,-9
17.17500,-9
17.18333,-9
17.19167,-9
17.20000,-9
17.20833,-9
17.21667,-9
17.22500,-9
17.23333,-9
17.24167,-9
17.25000,-8
17.25833,-8
17.26667,-8
17.27500,-8
17.28333,-9
17.29167,-9
17.30000,-9
17.30833,-9
17.31667,-9
17.32500,-10
17.33333,-10
17.34167,-9
17.35000,-9
17.35833,-8
17.36667,-8
17.37500,-9
17.38333,-9
17.39167,-9
17.40000,-9
17.40833,-9
17.41667,-9
17.42500,-10
17.43333,-10
17.44167,-10
17.45000,-10
17.45833,-10
17.46667,-10
17.47500,-10
17.48333,-9
17.49167,-9
17.50000,-9
17.50833,-9
17.51667,-9
17.52500,-10
17.53333,-10
17.54167,-10
17.55000,-10
17.55833,-9
17.56667,-9
17.57500,-10
17.58333,-10
17.59167,-9
17.60000,-9
17.60833,-9
17.61667,-9
17.62500,-9
17.63333,-9
17.64167,-9
17.65000,-9
17.65833,-8
17.66667,-8
17.67500,-9
17.68333,-9
17.69167,-9
17.70000,-9
17.70833,-9
17.71667,-9
17.72500,-9
17.73333,-9
17.74167,-9
17.75000,-9
17.75833,-9
17.76667,-9
17.77500,-9
17.78333,-9
17.79167,-9
17.80000,-9
17.80833,-9
17.81667,-8
17.82500,-8
17.83333,-8
17.84167,-9
17.85000,-9
17.85833,-9
17.86667,-9
17.87500,-9
17.88333,-9
17.89167,-9
17.90000,-9
17.90833,-9
17.91667,-9
17.92500,-9
17.93333,-9
17.94167,-9
17.95000,-9
17.95833,-9
17.96667,-9
17.97500,-9
17.98333,-9
17.99167,-9
18.00000,-9
18.00833,-9
18.01667,-9
18.02500,-9
18.03333,-9
18.04167,-9
18.05000,-9
18.05833,-9
18.06667,-9
18.07500,-9
18.08333,-8
18.09167,-8
18.10000,-8
18.10833,-8
18.11667,-9
18.12500,-9
18.13333,-9
18.14167,-9
18.15000,-9
18.15833,-10
18.16667,-9
18.17500,-9
18.18333,-9
18.19167,-9
18.20000,-9
18.20833,-9
18.21667,-9
18.22500,-9
18.23333,-9
18.24167,-9
18.25000,-9
18.25833,-9
18.26667,-9
18.27500,-10
18.28333,-9
18.29167,-9
18.30000,-9
18.30833,-8
18.31667,-8
18.32500,-8
18.33333,-8
18.34167,-8
18.35000,-9
18.35833,-9
18.36667,-9
18.37500,-9
18.38333,-9
18.39167,-10
18.40000,-10
18.40833,-10
18.41667,-10
18.42500,-10
18.43333,-9
18.44167,-9
18.45000,-9
18.45833,-8
18.46667,-8
18.47500,-9
18.48333,-9
18.49167,-9
18.50000,-9
18.50833,-9
18.51667,-9
18.52500,-8
18.53333,-8
18.54167,-8
18.55000,-8
18.55833,-8
18.56667,-7
18.57500,-7
18.58333,-7
18.59167,-8
18.60000,-8
18.60833,-8
18.61667,-9
18.62500,-8
18.63333,-8
18.64167,-8
18.65000,-9
18.65833,-9
18.66667,-9
18.67500,-9
18.68333,-9
18.69167,-9
18.70000,-9
18.70833,-9
18.71667,-8
18.72500,-8
18.73333,-8
18.74167,-8
18.75000,-9
18.75833,-8
18.76667,-9
18.77500,-9
18.78333,-9
18.79167,-9
18.80000,-9
18.80833,-9
18.81667,-9
18.82500,-9
18.83333,-9
18.84167,-8
18.85000,-8
18.85833,-9
18.86667,-9
18.87500,-9
18.88333,-9
18.89167,-8
18.90000,-8
18.90833,-8
18.91667,-9
18.92500,-9
18.93333,-9
18.94167,-9
18.95000,-8
18.95833,-8
18.96667,-8
18.97500,-9
18.98333,-9
18.99167,-9
19.00000,-9
19.00833,-9
19.01667,-9
19.02500,-9
19.03333,-9
19.04167,-9
19.05000,-9
19.05833,-9
19.06667,-8
19.07500,-8
19.08333,-8
19.09167,-8
19.10000,-8
19.10833,-8
19.11667,-8
19.12500,-8
19.13333,-8
19.14167,-8
19.15000,-8
19.15833,-7
19.16667,-7
19.17500,-7
19.18333,-7
19.19167,-8
19.20000,-8
19.20833,-8
19.21667,-8
19.22500,-8
19.23333,-9
19.24167,-9
19.25000,-9
19.25833,-9
19.26667,-8
19.27500,-8
19.28333,-8
19.29167,-9
19.30000,-9
19.30833,-9
19.31667,-9
19.32500,-9
19.33333,-9
19.34167,-8
19.35000,-8
19.35833,-9
19.36667,-9
19.37500,-9
19.38333,-9
19.39167,-9
19.40000,-10
19.40833,-10
19.41667,-9
19.42500,-9
19.43333,-9
19.44167,-9
19.45000,-9
19.45833,-9
19.46667,-9
19.47500,-8
19.48333,-8
19.49167,-8
19.50000,-8
19.50833,-8
19.51667,-8
19.52500,-8
19.53333,-8
19.54167,-8
19.55000,-8
19.55833,-8
19.56667,-8
19.57500,-8
19.58333,-8
19.59167,-8
19.60000,-8
19.60833,-8
19.61667,-8
19.62500,-8
19.63333,-8
19.64167,-8
19.65000,-8
19.65833,-8
19.66667,-8
19.67500,-8
19.68333,-8
19.69167,-8
19.70000,-9
19.70833,-9
19.71667,-9
19.72500,-9
19.73333,-9
19.74167,-8
19.75000,-8
19.75833,-8
19.76667,-7
19.77500,-8
19.78333,-8
19.79167,-8
19.80000,-8
19.80833,-8
19.81667,-8
19.82500,-9
19.83333,-9
19.84167,-9
19.85000,-8
19.85833,-8
19.86667,-8
19.87500,-8
19.88333,-8
19.89167,-8
19.90000,-8
19.90833,-8
19.91667,-8
19.92500,-8
19.93333,-8
19.94167,-8
19.95000,-8
19.95833,-8
19.96667,-8
19.97500,-8
19.98333,-8
19.99167,-8
20.00000,-8
20.00833,-8
20.01667,-8
20.02500,-8
20.03333,-8
20.04167,-8
20.05000,-8
20.05833,-8
20.06667,-8
20.07500,-8
20.08333,-8
20.09167,-8
20.10000,-8
20.10833,-8
20.11667,-7
20.12500,-7
20.13333,-7
20.14167,-7
20.15000,-7
20.15833,-7
20.16667,-7
20.17500,-7
20.18333,-7
20.19167,-7
20.20000,-7
20.20833,-7
20.21667,-7
20.22500,-7
20.23333,-7
20.24167,-7
20.25000,-7
20.25833,-7
20.26667,-7
20.27500,-8
20.28333,-8
20.29167,-8
20.30000,-8
20.30833,-8
20.31667,-8
20.32500,-8
20.33333,-8
20.34167,-8
20.35000,-8
20.35833,-7
20.36667,-7
20.37500,-7
20.38333,-7
20.39167,-7
20.40000,-7
20.40833,-8
20.41667,-8
20.42500,-8
20.43333,-8
20.44167,-9
20.45000,-8
20.45833,-8
20.46667,-8
20.47500,-8
20.48333,-7
20.49167,-7
20.50000,-7
20.50833,-7
20.51667,-7
20.52500,-7
20.53333,-7
20.54167,-7
20.55000,-7
20.55833,-7
20.56667,-7
20.57500,-7
20.58333,-8
20.59167,-8
20.60000,-8
20.60833,-8
20.61667,-8
20.62500,-8
20.63333,-8
20.64167,-8
20.65000,-7
20.65833,-7
20.66667,-7
20.67500,-7
20.68333,-7
20.69167,-7
20.70000,-7
20.70833,-7
20.71667,-7
20.72500,-7
20.73333,-7
20.74167,-7
20.75000,-7
20.75833,-7
20.76667,-7
20.77500,-7
20.78333,-7
20.79167,-7
20.80000,-7
20.80833,-7
20.81667,-7
20.82500,-8
20.83333,-8
20.84167,-8
20.85000,-9
20.85833,-8
20.86667,-8
20.87500,-8
20.88333,-8
20.89167,-8
20.90000,-8
20.90833,-9
20.91667,-9
20.92500,-9
20.93333,-9
20.94167,-9
20.95000,-9
20.95833,-9
20.96667,-8
20.97500,-8
20.98333,-8
20.99167,-8
21.00000,-8
21.00833,-8
21.01667,-8
21.02500,-8
21.03333,-8
21.04167,-8
21.05000,-8
21.05833,-8
21.06667,-8
21.07500,-8
21.08333,-8
21.09167,-8
21.10000,-8
21.10833,-8
21.11667,-8
21.12500,-8
21.13333,-8
21.14167,-8
21.15000,-8
21.15833,-8
21.16667,-8
21.17500,-8
21.18333,-8
21.19167,-8
21.20000,-8
21.20833,-7
21.21667,-7
21.22500,-7
21.23333,-6
21.24167,-6
21.25000,-6
21.25833,-7
21.26667,-7
21.27500,-7
21.28333,-7
21.29167,-7
21.30000,-7
21.30833,-7
21.31667,-7
21.32500,-7
21.33333,-7
21.34167,-7
21.35000,-8
21.35833,-8
21.36667,-8
21.37500,-8
21.38333,-8
21.39167,-8
21.40000,-8
21.40833,-7
21.41667,-7
21.42500,-7
21.43333,-7
21.44167,-7
21.45000,-7
21.45833,-7
21.46667,-7
21.47500,-7
21.48333,-7
21.49167,-7
21.50000,-7
21.50833,-6
21.51667,-6
21.52500,-6
21.53333,-6
21.54167,-6
21.55000,-6
21.55833,-7
21.56667,-7
21.57500,-7
21.58333,-7
21.59167,-7
21.60000,-7
21.60833,-7
21.61667,-7
21.62500,-7
21.63333,-7
21.64167,-7
21.65000,-7
21.65833,-7
21.66667,-7
21.67500,-7
21.68333,-7
21.69167,-7
21.70000,-7
21.70833,-7
21.71667,-7
21.72500,-7
21.73333,-6
21.74167,-7
21.75000,-7
21.75833,-7
21.76667,-7
21.77500,-7
21.78333,-7
21.79167,-6
21.80000,-7
21.80833,-7
21.81667,-7
21.82500,-7
21.83333,-7
21.84167,-7
21.85000,-7
21.85833,-7
21.86667,-7
21.87500,-7
21.88333,-7
21.89167,-7
21.90000,-7
21.90833,-7
21.91667,-7
21.92500,-7
21.93333,-6
21.94167,-6
21.95000,-6
21.95833,-5
21.96667,-6
21.97500,-6
21.98333,-6
21.99167,-6
22.00000,-6
22.00833,-6
22.01667,-6
22.02500,-6
22.03333,-6
22.04167,-6
22.05000,-6
22.05833,-6
22.06667,-6
22.07500,-6
22.08333,-7
22.09167,-7
22.10000,-7
22.10833,-7
22.11667,-7
22.12500,-7
22.13333,-7
22.14167,-6
22.15000,-6
22.15833,-6
22.16667,-6
22.17500,-6
22.18333,-6
22.19167,-6
22.20000,-6
22.20833,-6
22.21667,-6
22.22500,-7
22.23333,-6
22.24167,-6
22.25000,-6
22.25833,-6
22.26667,-7
22.27500,-7
22.28333,-7
22.29167,-7
22.30000,-7
22.30833,-7
22.31667,-7
22.32500,-6
22.33333,-6
22.34167,-6
22.35000,-7
22.35833,-7
22.36667,-6
22.37500,-6
22.38333,-6
22.39167,-6
22.40000,-6
22.40833,-6
22.41667,-6
22.42500,-5
22.43333,-5
22.44167,-5
22.45000,-6
22.45833,-6
22.46667,-6
22.47500,-6
22.48333,-7
22.49167,-7
22.50000,-7
22.50833,-7
22.51667,-7
22.52500,-7
22.53333,-7
22.54167,-7
22.55000,-7
22.55833,-6
22.56667,-6
22.57500,-6
22.58333,-6
22.59167,-6
22.60000,-6
22.60833,-7
22.61667,-6
22.62500,-6
22.63333,-6
22.64167,-6
22.65000,-6
22.65833,-7
22.66667,-7
22.67500,-6
22.68333,-6
22.69167,-6
22.70000,-6
22.70833,-6
22.71667,-6
22.72500,-6
22.73333,-5
22.74167,-5
22.75000,-5
22.75833,-5
22.76667,-5
22.77500,-5
22.78333,-5
22.79167,-5
22.80000,-5
22.80833,-5
22.81667,-5
22.82500,-5
22.83333,-4
22.84167,-4
22.85000,-4
22.85833,-4
22.86667,-4
22.87500,-4
22.88333,-3
22.89167,-3
22.90000,-3
22.90833,-3
22.91667,-3
22.92500,-3
22.93333,-3
22.94167,-2
22.95000,-2
22.95833,-2
22.96667,-2
22.97500,-2
22.98333,-3
22.99167,-3
23.00000,-3
23.00833,-3
23.01667,-3
23.02500,-3
23.03333,-2
23.04167,-2
23.05000,-2
23.05833,-2
23.06667,-2
23.07500,-3
23.08333,-3
23.09167,-3
23.10000,-3
23.10833,-3
23.11667,-3
23.12500,-3
23.13333,-3
23.14167,-3
23.15000,-3
23.15833,-3
23.16667,-3
23.17500,-3
23.18333,-3
23.19167,-3
23.20000,-3
23.20833,-3
23.21667,-4
23.22500,-4
23.23333,-4
23.24167,-4
23.25000,-5
23.25833,-5
23.26667,-5
23.27500,-5
23.28333,-5
23.29167,-5
23.30000,-5
23.30833,-5
23.31667,-5
23.32500,-4
23.33333,-4
23.34167,-4
23.35000,-4
23.35833,-4
23.36667,-4
23.37500,-4
23.38333,-4
23.39167,-4
23.40000,-5
23.40833,-5
23.41667,-5
23.42500,-5
23.43333,-6
23.44167,-5
23.45000,-6
23.45833,-6
23.46667,-5
23.47500,-5
23.48333,-6
23.49167,-6
23.50000,-6
23.50833,-6
23.51667,-6
23.52500,-6
23.53333,-6
23.54167,-6
23.55000,-6
23.55833,-6
23.56667,-6
23.57500,-6
23.58333,-6
23.59167,-6
23.60000,-6
23.60833,-6
23.61667,-6
23.62500,-6
23.63333,-6
23.64167,-6
23.65000,-6
23.65833,-6
23.66667,-6
23.67500,-6
23.68333,-6
23.69167,-6
23.70000,-6
23.70833,-6
23.71667,-7
23.72500,-7
23.73333,-6
23.74167,-6
23.75000,-6
23.75833,-6
23.76667,-6
23.77500,-6
23.78333,-6
23.79167,-6
23.80000,-7
23.80833,-7
23.81667,-7
23.82500,-7
23.83333,-7
23.84167,-7
23.85000,-7
23.85833,-7
23.86667,-7
23.87500,-7
23.88333,-7
23.89167,-7
23.90000,-7
23.90833,-7
23.91667,-7
23.92500,-7
23.93333,-7
23.94167,-8
23.95000,-8
23.95833,-8
23.96667,-8
23.97500,-8
23.98333,-8
23.99167,-8
24.00000,-7
24.00833,-7
24.01667,-7
24.02500,-7
24.03333,-7
24.04167,-7
24.05000,-7
24.05833,-7
24.06667,-7
24.07500,-7
24.08333,-7
24.09167,-7
24.10000,-7
24.10833,-7
24.11667,-6
24.12500,-6
24.13333,-6
24.14167,-6
24.15000,-6
24.15833,-6
24.16667,-6
24.17500,-6
24.18333,-6
24.19167,-6
24.20000,-6
24.20833,-6
24.21667,-6
24.22500,-6
24.23333,-6
24.24167,-6
24.25000,-6
24.25833,-7
24.26667,-7
24.27500,-7
24.28333,-7
24.29167,-7
24.30000,-7
24.30833,-7
24.31667,-7
24.32500,-7
24.33333,-6
24.34167,-6
24.35000,-6
24.35833,-6
24.36667,-6
24.37500,-5
24.38333,-6
24.39167,-6
24.40000,-6
24.40833,-6
24.41667,-6
24.42500,-6
24.43333,-6
24.44167,-6
24.45000,-5
24.45833,-5
24.46667,-5
24.47500,-5
24.48333,-5
24.49167,-5
24.50000,-4
24.50833,-4
24.51667,-4
24.52500,-3
24.53333,-3
24.54167,-3
24.55000,-3
24.55833,-3
24.56667,-3
24.57500,-3
24.58333,-3
24.59167,-3
24.60000,-3
24.60833,-3
24.61667,-3
24.62500,-3
24.63333,-2
24.64167,-2
24.65000,-2
24.65833,-2
24.66667,-2
24.67500,-2
24.68333,-1
24.69167,-1
24.70000,-0
24.70833,-0
24.71667,0
24.72500,0
24.73333,0
24.74167,0
24.75000,0
24.75833,1
24.76667,1
24.77500,1
24.78333,1
24.79167,1
24.80000,1
24.80833,1
24.81667,1
24.82500,1
24.83333,1
24.84167,1
24.85000,1
24.85833,1
24.86667,1
24.87500,1
24.88333,1
24.89167,1
24.90000,1
24.90833,1
24.91667,1
24.92500,2
24.93333,2
24.94167,2
24.95000,2
24.95833,2
24.96667,2
24.97500,1
24.98333,1
24.99167,1
25.00000,1
25.00833,1
25.01667,1
25.02500,1
25.03333,1
25.04167,1
25.05000,1
25.05833,0
25.06667,0
25.07500,0
25.08333,-0
25.09167,-0
25.10000,-1
25.10833,-1
25.11667,-1
25.12500,-1
25.13333,-1
25.14167,-2
25.15000,-2
25.15833,-2
25.16667,-3
25.17500,-3
25.18333,-3
25.19167,-3
25.20000,-3
25.20833,-3
25.21667,-3
25.22500,-3
25.23333,-3
25.24167,-3
25.25000,-3
25.25833,-3
25.26667,-4
25.27500,-4
25.28333,-4
25.29167,-4
25.30000,-4
25.30833,-4
25.31667,-4
25.32500,-4
25.33333,-4
25.34167,-5
25.35000,-5
25.35833,-5
25.36667,-5
25.37500,-5
25.38333,-5
25.39167,-5
25.40000,-5
25.40833,-5
25.41667,-5
25.42500,-5
25.43333,-5
25.44167,-6
25.45000,-6
25.45833,-6
25.46667,-5
25.47500,-5
25.48333,-5
25.49167,-5
25.50000,-6
25.50833,-6
25.51667,-6
25.52500,-6
25.53333,-6
25.54167,-6
25.55000,-6
25.55833,-6
25.56667,-6
25.57500,-6
25.58333,-6
25.59167,-6
25.60000,-6
25.60833,-7
25.61667,-7
25.62500,-7
25.63333,-7
25.64167,-7
25.65000,-6
25.65833,-6
25.66667,-6
25.67500,-6
25.68333,-6
25.69167,-6
25.70000,-6
25.70833,-6
25.71667,-6
25.72500,-6
25.73333,-6
25.74167,-6
25.75000,-6
25.75833,-6
25.76667,-6
25.77500,-6
25.78333,-6
25.79167,-6
25.80000,-6
25.80833,-6
25.81667,-6
25.82500,-6
25.83333,-6
25.84167,-6
25.85000,-6
25.85833,-6
25.86667,-6
25.87500,-6
25.88333,-6
25.89167,-6
25.90000,-6
25.90833,-6
25.91667,-6
25.92500,-6
25.93333,-6
25.94167,-6
25.95000,-6
25.95833,-6
25.96667,-6
25.97500,-6
25.98333,-7
25.99167,-7
26.00000,-6
26.00833,-6
26.01667,-6
26.02500,-6
26.03333,-6
26.04167,-6
26.05000,-6
26.05833,-7
26.06667,-7
26.07500,-7
26.08333,-7
26.09167,-7
26.10000,-7
26.10833,-7
26.11667,-7
26.12500,-7
26.13333,-6
26.14167,-6
26.15000,-6
26.15833,-6
26.16667,-6
26.17500,-6
26.18333,-6
26.19167,-6
26.20000,-6
26.20833,-6
26.21667,-6
26.22500,-7
26.23333,-6
26.24167,-7
26.25000,-7
26.25833,-7
26.26667,-6
26.27500,-6
26.28333,-6
26.29167,-6
26.30000,-6
26.30833,-6
26.31667,-6
26.32500,-6
26.33333,-5
26.34167,-5
26.35000,-5
26.35833,-5
26.36667,-5
26.37500,-5
26.38333,-5
26.39167,-5
26.40000,-5
26.40833,-5
26.41667,-6
26.42500,-6
26.43333,-7
26.44167,-6
26.45000,-6
26.45833,-6
26.46667,-6
26.47500,-6
26.48333,-6
26.49167,-6
26.50000,-6
26.50833,-6
26.51667,-6
26.52500,-6
26.53333,-6
26.54167,-6
26.55000,-5
26.55833,-5
26.56667,-5
26.57500,-5
26.58333,-6
26.59167,-6
26.60000,-6
26.60833,-6
26.61667,-6
26.62500,-6
26.63333,-6
26.64167,-6
26.65000,-7
26.65833,-8
26.66667,-8
26.67500,-8
26.68333,-9
26.69167,-9
26.70000,-9
26.70833,-9
26.71667,-9
26.72500,-10
26.73333,-10
26.74167,-10
26.75000,-10
26.75833,-10
26.76667,-11
26.77500,-11
26.78333,-12
26.79167,-13
26.80000,-13
26.80833,-14
26.81667,-14
26.82500,-15
26.83333,-15
26.84167,-16
26.85000,-17
26.85833,-18
26.86667,-19
26.87500,-20
26.88333,-21
26.89167,-21
26.90000,-22
26.90833,-22
26.91667,-23
26.92500,-24
26.93333,-24
26.94167,-26
26.95000,-27
26.95833,-28
26.96667,-29
26.97500,-30
26.98333,-31
26.99167,-32
27.00000,-33
27.00833,-34
27.01667,-35
27.02500,-36
27.03333,-37
27.04167,-39
27.05000,-40
27.05833,-42
27.06667,-43
27.07500,-45
27.08333,-46
27.09167,-48
27.10000,-49
27.10833,-50
27.11667,-52
27.12500,-53
27.13333,-54
27.14167,-56
27.15000,-57
27.15833,-59
27.16667,-60
27.17500,-61
27.18333,-62
27.19167,-64
27.20000,-65
27.20833,-66
27.21667,-67
27.22500,-68
27.23333,-70
27.24167,-71
27.25000,-72
27.25833,-72
27.26667,-73
27.27500,-74
27.28333,-75
27.29167,-76
27.30000,-76
27.30833,-77
27.31667,-78
27.32500,-78
27.33333,-79
27.34167,-80
27.35000,-80
27.35833,-81
27.36667,-81
27.37500,-82
27.38333,-82
27.39167,-82
27.40000,-82
27.40833,-82
27.41667,-82
27.42500,-82
27.43333,-82
27.44167,-81
27.45000,-81
27.45833,-80
27.46667,-80
27.47500,-79
27.48333,-79
27.49167,-79
27.50000,-79
27.50833,-78
27.51667,-78
27.52500,-77
27.53333,-76
27.54167,-75
27.55000,-74
27.55833,-73
27.56667,-72
27.57500,-71
27.58333,-70
27.59167,-69
27.60000,-68
27.60833,-67
27.61667,-66
27.62500,-65
27.63333,-64
27.64167,-63
27.65000,-62
27.65833,-60
27.66667,-59
27.67500,-58
27.68333,-56
27.69167,-55
27.70000,-53
27.70833,-52
27.71667,-50
27.72500,-49
27.73333,-48
27.74167,-47
27.75000,-46
27.75833,-45
27.76667,-44
27.77500,-43
27.78333,-43
27.79167,-42
27.80000,-40
27.80833,-39
27.81667,-39
27.82500,-38
27.83333,-37
27.84167,-36
27.85000,-35
27.85833,-34
27.86667,-33
27.87500,-32
27.88333,-31
27.89167,-31
27.90000,-30
27.90833,-30
27.91667,-29
27.92500,-28
27.93333,-28
27.94167,-27
27.95000,-26
27.95833,-26
27.96667,-25
27.97500,-25
27.98333,-24
27.99167,-23
28.00000,-22
28.00833,-21
28.01667,-21
28.02500,-21
28.03333,-20
28.04167,-20
28.05000,-19
28.05833,-19
28.06667,-18
28.07500,-18
28.08333,-17
28.09167,-17
28.10000,-17
28.10833,-17
28.11667,-16
28.12500,-16
28.13333,-16
28.14167,-16
28.15000,-16
28.15833,-16
28.16667,-16
28.17500,-16
28.18333,-15
28.19167,-16
28.20000,-16
28.20833,-15
28.21667,-15
28.22500,-15
28.23333,-15
28.24167,-14
28.25000,-14
28.25833,-14
28.26667,-14
28.27500,-14
28.28333,-14
28.29167,-14
28.30000,-14
28.30833,-14
28.31667,-14
28.32500,-14
28.33333,-13
28.34167,-14
28.35000,-14
28.35833,-14
28.36667,-13
28.37500,-14
28.38333,-14
28.39167,-14
28.40000,-14
28.40833,-14
28.41667,-15
28.42500,-15
28.43333,-15
28.44167,-15
28.45000,-15
28.45833,-15
28.46667,-15
28.47500,-15
28.48333,-15
28.49167,-15
28.50000,-15
28.50833,-16
28.51667,-16
28.52500,-16
28.53333,-16
28.54167,-16
28.55000,-16
28.55833,-17
28.56667,-17
28.57500,-17
28.58333,-17
28.59167,-17
28.60000,-18
28.60833,-18
28.61667,-19
28.62500,-19
28.63333,-19
28.64167,-19
28.65000,-20
28.65833,-20
28.66667,-20
28.67500,-21
28.68333,-22
28.69167,-22
28.70000,-23
28.70833,-23
28.71667,-24
28.72500,-24
28.73333,-25
28.74167,-25
28.75000,-26
28.75833,-27
28.76667,-27
28.77500,-27
28.78333,-28
28.79167,-28
28.80000,-28
28.80833,-29
28.81667,-29
28.82500,-29
28.83333,-30
28.84167,-30
28.85000,-31
28.85833,-31
28.86667,-31
28.87500,-32
28.88333,-32
28.89167,-32
28.90000,-33
28.90833,-33
28.91667,-34
28.92500,-35
28.93333,-35
28.94167,-36
28.95000,-36
28.95833,-36
28.96667,-37
28.97500,-37
28.98333,-37
28.99167,-37
29.00000,-36
29.00833,-36
29.01667,-36
29.02500,-36
29.03333,-36
29.04167,-36
29.05000,-36
29.05833,-37
29.06667,-37
29.07500,-37
29.08333,-37
29.09167,-37
29.10000,-37
29.10833,-37
29.11667,-37
29.12500,-37
29.13333,-37
29.14167,-37
29.15000,-37
29.15833,-37
29.16667,-37
29.17500,-37
29.18333,-37
29.19167,-37
29.20000,-36
29.20833,-36
29.21667,-36
29.22500,-36
29.23333,-36
29.24167,-36
29.25000,-36
29.25833,-35
29.26667,-35
29.27500,-34
29.28333,-33
29.29167,-33
29.30000,-32
29.30833,-32
29.31667,-31
29.32500,-31
29.33333,-30
29.34167,-30
29.35000,-30
29.35833,-29
29.36667,-29
29.37500,-29
29.38333,-29
29.39167,-28
29.40000,-28
29.40833,-27
29.41667,-27
29.42500,-26
29.43333,-26
29.44167,-25
29.45000,-25
29.45833,-25
29.46667,-24
29.47500,-24
29.48333,-23
29.49167,-22
29.50000,-22
29.50833,-22
29.51667,-21
29.52500,-21
29.53333,-21
29.54167,-21
29.55000,-20
29.55833,-20
29.56667,-19
29.57500,-19
29.58333,-19
29.59167,-18
29.60000,-18
29.60833,-18
29.61667,-18
29.62500,-17
29.63333,-17
29.64167,-17
29.65000,-17
29.65833,-16
29.66667,-16
29.67500,-15
29.68333,-14
29.69167,-14
29.70000,-14
29.70833,-14
29.71667,-14
29.72500,-14
29.73333,-13
29.74167,-13
29.75000,-12
29.75833,-13
29.76667,-13
29.77500,-13
29.78333,-13
29.79167,-13
29.80000,-12
29.80833,-13
29.81667,-13
29.82500,-13
29.83333,-12
29.84167,-12
29.85000,-12
29.85833,-12
29.86667,-11
29.87500,-11
29.88333,-11
29.89167,-11
29.90000,-11
29.90833,-11
29.91667,-11
29.92500,-11
29.93333,-11
29.94167,-11
29.95000,-11
29.95833,-11
29.96667,-11
29.97500,-11
29.98333,-11
29.99167,-10
30.00000,-10
30.00833,-10
30.01667,-10
30.02500,-10
30.03333,-10
30.04167,-10
30.05000,-10
30.05833,-10
30.06667,-10
30.07500,-10
30.08333,-10
30.09167,-10
30.10000,-10
30.10833,-10
30.11667,-10
30.12500,-10
30.13333,-9
30.14167,-10
30.15000,-10
30.15833,-10
30.16667,-10
30.17500,-10
30.18333,-10
30.19167,-10
30.20000,-10
30.20833,-10
30.21667,-10
30.22500,-9
30.23333,-9
30.24167,-9
30.25000,-9
30.25833,-9
30.26667,-9
30.27500,-9
30.28333,-9
30.29167,-9
30.30000,-10
30.30833,-9
30.31667,-9
30.32500,-9
30.33333,-9
30.34167,-9
30.35000,-9
30.35833,-10
30.36667,-10
30.37500,-10
30.38333,-10
30.39167,-10
30.40000,-10
30.40833,-9
30.41667,-9
30.42500,-9
30.43333,-9
30.44167,-9
30.45000,-10
30.45833,-9
30.46667,-9
30.47500,-9
30.48333,-9
30.49167,-9
30.50000,-9
30.50833,-9
30.51667,-9
30.52500,-10
30.53333,-10
30.54167,-10
30.55000,-10
30.55833,-10
30.56667,-10
30.57500,-10
30.58333,-10
30.59167,-10
30.60000,-10
30.60833,-10
30.61667,-10
30.62500,-10
30.63333,-10
30.64167,-10
30.65000,-10
30.65833,-10
30.66667,-10
30.67500,-10
30.68333,-10
30.69167,-10
30.70000,-10
30.70833,-10
30.71667,-9
30.72500,-9
30.73333,-9
30.74167,-9
30.75000,-9
30.75833,-9
30.76667,-9
30.77500,-9
30.78333,-9
30.79167,-9
30.80000,-9
30.80833,-9
30.81667,-9
30.82500,-9
30.83333,-9
30.84167,-9
30.85000,-9
30.85833,-9
30.86667,-9
30.87500,-10
30.88333,-10
30.89167,-10
30.90000,-10
30.90833,-10
30.91667,-10
30.92500,-10
30.93333,-10
30.94167,-10
30.95000,-10
30.95833,-10
30.96667,-10
30.97500,-10
30.98333,-10
30.99167,-10
31.00000,-10
31.00833,-10
31.01667,-11
31.02500,-10
31.03333,-10
31.04167,-10
31.05000,-10
31.05833,-10
31.06667,-10
31.07500,-9
31.08333,-9
31.09167,-9
31.10000,-9
31.10833,-9
31.11667,-9
31.12500,-9
31.13333,-9
31.14167,-10
31.15000,-10
31.15833,-10
31.16667,-10
31.17500,-10
31.18333,-10
31.19167,-10
31.20000,-10
31.20833,-10
31.21667,-10
31.22500,-10
31.23333,-10
31.24167,-10
31.25000,-9
31.25833,-9
31.26667,-10
31.27500,-9
31.28333,-9
31.29167,-10
31.30000,-9
31.30833,-9
31.31667,-9
31.32500,-9
31.33333,-9
31.34167,-9
31.35000,-9
31.35833,-10
31.36667,-10
31.37500,-10
31.38333,-10
31.39167,-11
31.40000,-11
31.40833,-11
31.41667,-11
31.42500,-11
31.43333,-11
31.44167,-11
31.45000,-10
31.45833,-10
31.46667,-10
31.47500,-10
31.48333,-10
31.49167,-10
31.50000,-10
31.50833,-9
31.51667,-9
31.52500,-10
31.53333,-10
31.54167,-10
31.55000,-10
31.55833,-10
31.56667,-10
31.57500,-10
31.58333,-10
31.59167,-10
31.60000,-10
31.60833,-10
31.61667,-10
31.62500,-10
31.63333,-10
31.64167,-9
31.65000,-10
31.65833,-10
31.66667,-10
31.67500,-10
31.68333,-10
31.69167,-10
31.70000,-10
31.70833,-10
31.71667,-10
31.72500,-10
31.73333,-10
31.74167,-11
31.75000,-11
31.75833,-11
31.76667,-11
31.77500,-12
31.78333,-12
31.79167,-12
31.80000,-11
31.80833,-11
31.81667,-11
31.82500,-11
31.83333,-11
31.84167,-10
31.85000,-10
31.85833,-10
31.86667,-11
31.87500,-11
31.88333,-11
31.89167,-11
31.90000,-11
31.90833,-11
31.91667,-11
31.92500,-11
31.93333,-11
31.94167,-11
31.95000,-10
31.95833,-10
31.96667,-10
31.97500,-11
31.98333,-11
31.99167,-11
32.00000,-11
32.00833,-10
32.01667,-10
32.02500,-10
32.03333,-10
32.04167,-11
32.05000,-11
32.05833,-11
32.06667,-11
32.07500,-11
32.08333,-11
32.09167,-11
32.10000,-10
32.10833,-10
32.11667,-10
32.12500,-11
32.13333,-11
32.14167,-11
32.15000,-11
32.15833,-11
32.16667,-11
32.17500,-11
32.18333,-11
32.19167,-11
32.20000,-11
32.20833,-11
32.21667,-11
32.22500,-11
32.23333,-11
32.24167,-11
32.25000,-11
32.25833,-11
32.26667,-11
32.27500,-11
32.28333,-11
32.29167,-12
32.30000,-12
32.30833,-12
32.31667,-12
32.32500,-12
32.33333,-12
32.34167,-11
32.35000,-11
32.35833,-11
32.36667,-11
32.37500,-11
32.38333,-11
32.39167,-11
32.40000,-11
32.40833,-11
32.41667,-11
32.42500,-11
32.43333,-12
32.44167,-12
32.45000,-12
32.45833,-12
32.46667,-12
32.47500,-13
32.48333,-13
32.49167,-13
32.50000,-13
32.50833,-13
32.51667,-13
32.52500,-13
32.53333,-13
32.54167,-13
32.55000,-13
32.55833,-13
32.56667,-13
32.57500,-13
32.58333,-13
32.59167,-13
32.60000,-13
32.60833,-13
32.61667,-13
32.62500,-14
32.63333,-14
32.64167,-14
32.65000,-14
32.65833,-14
32.66667,-14
32.67500,-14
32.68333,-14
32.69167,-14
32.70000,-14
32.70833,-14
32.71667,-14
32.72500,-14
32.73333,-14
32.74167,-14
32.75000,-15
32.75833,-15
32.76667,-15
32.77500,-15
32.78333,-16
32.79167,-16
32.80000,-16
32.80833,-16
32.81667,-16
32.82500,-16
32.83333,-16
32.84167,-16
32.85000,-16
32.85833,-16
32.86667,-16
32.87500,-16
32.88333,-16
32.89167,-16
32.90000,-16
32.90833,-16
32.91667,-17
32.92500,-17
32.93333,-18
32.94167,-18
32.95000,-18
32.95833,-18
32.96667,-18
32.97500,-18
32.98333,-19
32.99167,-19
33.00000,-18
33.00833,-18
33.01667,-18
33.02500,-18
33.03333,-19
33.04167,-19
33.05000,-19
33.05833,-19
33.06667,-19
33.07500,-20
33.08333,-20
33.09167,-20
33.10000,-20
33.10833,-20
33.11667,-20
33.12500,-20
33.13333,-20
33.14167,-20
33.15000,-20
33.15833,-19
33.16667,-19
33.17500,-19
33.18333,-19
33.19167,-19
33.20000,-19
33.20833,-20
33.21667,-20
33.22500,-20
33.23333,-20
33.24167,-19
33.25000,-19
33.25833,-19
33.26667,-19
33.27500,-19
33.28333,-19
33.29167,-19
33.30000,-19
33.30833,-19
33.31667,-19
33.32500,-18
33.33333,-18
33.34167,-18
33.35000,-18
33.35833,-17
33.36667,-17
33.37500,-17
33.38333,-17
33.39167,-17
33.40000,-17
33.40833,-17
33.41667,-17
33.42500,-17
33.43333,-17
33.44167,-17
33.45000,-18
33.45833,-18
33.46667,-17
33.47500,-17
33.48333,-18
33.49167,-17
33.50000,-17
33.50833,-17
33.51667,-17
33.52500,-17
33.53333,-17
33.54167,-17
33.55000,-16
33.55833,-16
33.56667,-16
33.57500,-16
33.58333,-16
33.59167,-16
33.60000,-16
33.60833,-16
33.61667,-15
33.62500,-15
33.63333,-15
33.64167,-15
33.65000,-15
33.65833,-15
33.66667,-15
33.67500,-15
33.68333,-15
33.69167,-15
33.70000,-15
33.70833,-15
33.71667,-15
33.72500,-15
33.73333,-15
33.74167,-15
33.75000,-15
33.75833,-15
33.76667,-15
33.77500,-15
33.78333,-15
33.79167,-15
33.80000,-15
33.80833,-15
33.81667,-15
33.82500,-15
33.83333,-14
33.84167,-14
33.85000,-14
33.85833,-14
33.86667,-14
33.87500,-14
33.88333,-14
33.89167,-14
33.90000,-14
33.90833,-14
33.91667,-14
33.92500,-14
33.93333,-14
33.94167,-14
33.95000,-14
33.95833,-14
33.96667,-14
33.97500,-14
33.98333,-14
33.99167,-14
34.00000,-14
34.00833,-14
34.01667,-14
34.02500,-14
34.03333,-14
34.04167,-14
34.05000,-14
34.05833,-14
34.06667,-13
34.07500,-14
34.08333,-14
34.09167,-14
34.10000,-14
34.10833,-15
34.11667,-15
34.12500,-15
34.13333,-15
34.14167,-15
34.15000,-14
34.15833,-14
34.16667,-14
34.17500,-15
34.18333,-15
34.19167,-15
34.20000,-15
34.20833,-15
34.21667,-14
34.22500,-14
34.23333,-15
34.24167,-15
34.25000,-14
34.25833,-14
34.26667,-14
34.27500,-14
34.28333,-14
34.29167,-14
34.30000,-14
34.30833,-14
34.31667,-14
34.32500,-14
34.33333,-14
34.34167,-14
34.35000,-14
34.35833,-14
34.36667,-14
34.37500,-14
34.38333,-14
34.39167,-14
34.40000,-14
34.40833,-14
34.41667,-14
34.42500,-14
34.43333,-14
34.44167,-14
34.45000,-14
34.45833,-14
34.46667,-13
34.47500,-13
34.48333,-14
34.49167,-14
34.50000,-14
34.50833,-14
34.51667,-14
34.52500,-13
34.53333,-13
34.54167,-13
34.55000,-13
34.55833,-14
34.56667,-14
34.57500,-14
34.58333,-14
34.59167,-14
34.60000,-14
34.60833,-13
34.61667,-13
34.62500,-13
34.63333,-13
34.64167,-13
34.65000,-13
34.65833,-13
34.66667,-13
34.67500,-13
34.68333,-13
34.69167,-13
34.70000,-13
34.70833,-13
34.71667,-13
34.72500,-13
34.73333,-13
34.74167,-13
34.75000,-13
34.75833,-14
34.76667,-14
34.77500,-13
34.78333,-13
34.79167,-13
34.80000,-13
34.80833,-14
34.81667,-14
34.82500,-14
34.83333,-14
34.84167,-14
34.85000,-13
34.85833,-13
34.86667,-13
34.87500,-13
34.88333,-14
34.89167,-14
34.90000,-14
34.90833,-14
34.91667,-14
34.92500,-14
34.93333,-13
34.94167,-13
34.95000,-13
34.95833,-13
34.96667,-13
34.97500,-13
34.98333,-13
34.99167,-13
35.00000,-13
35.00833,-13
35.01667,-13
35.02500,-13
35.03333,-13
35.04167,-13
35.05000,-13
35.05833,-13
35.06667,-13
35.07500,-13
35.08333,-13
35.09167,-14
35.10000,-14
35.10833,-14
35.11667,-14
35.12500,-14
35.13333,-13
35.14167,-13
35.15000,-13
35.15833,-13
35.16667,-13
35.17500,-13
35.18333,-13
35.19167,-13
35.20000,-13
35.20833,-13
35.21667,-13
35.22500,-13
35.23333,-13
35.24167,-13
35.25000,-13
35.25833,-13
35.26667,-13
35.27500,-13
35.28333,-13
35.29167,-13
35.30000,-13
35.30833,-14
35.31667,-14
35.32500,-13
35.33333,-13
35.34167,-13
35.35000,-13
35.35833,-13
35.36667,-13
35.37500,-13
35.38333,-13
35.39167,-13
35.40000,-13
35.40833,-13
35.41667,-13
35.42500,-13
35.43333,-13
35.44167,-13
35.45000,-13
35.45833,-14
35.46667,-14
35.47500,-14
35.48333,-14
35.49167,-14
35.50000,-14
35.50833,-14
35.51667,-14
35.52500,-14
35.53333,-14
35.54167,-14
35.55000,-14
35.55833,-14
35.56667,-13
35.57500,-13
35.58333,-13
35.59167,-13
35.60000,-12
35.60833,-13
35.61667,-13
35.62500,-13
35.63333,-13
35.64167,-13
35.65000,-13
35.65833,-13
35.66667,-13
35.67500,-13
35.68333,-13
35.69167,-13
35.70000,-13
35.70833,-13
35.71667,-13
35.72500,-13
35.73333,-13
35.74167,-13
35.75000,-13
35.75833,-13
35.76667,-13
35.77500,-13
35.78333,-13
35.79167,-13
35.80000,-13
35.80833,-13
35.81667,-13
35.82500,-13
35.83333,-13
35.84167,-13
35.85000,-12
35.85833,-12
35.86667,-12
35.87500,-12
35.88333,-12
35.89167,-13
35.90000,-13
35.90833,-13
35.91667,-12
35.92500,-12
35.93333,-12
35.94167,-12
35.95000,-12
35.95833,-12
35.96667,-12
35.97500,-12
35.98333,-11
35.99167,-11
36.00000,-11
36.00833,-11
36.01667,-11
36.02500,-11
36.03333,-11
36.04167,-11
36.05000,-11
36.05833,-11
36.06667,-11
36.07500,-11
36.08333,-12
36.09167,-12
36.10000,-12
36.10833,-12
36.11667,-12
36.12500,-12
36.13333,-12
36.14167,-11
36.15000,-11
36.15833,-11
36.16667,-11
36.17500,-11
36.18333,-11
36.19167,-11
36.20000,-11
36.20833,-11
36.21667,-11
36.22500,-10
36.23333,-10
36.24167,-10
36.25000,-10
36.25833,-10
36.26667,-10
36.27500,-10
36.28333,-10
36.29167,-10
36.30000,-10
36.30833,-10
36.31667,-10
36.32500,-10
36.33333,-10
36.34167,-10
36.35000,-10
36.35833,-9
36.36667,-9
36.37500,-9
36.38333,-9
36.39167,-9
36.40000,-8
36.40833,-8
36.41667,-8
36.42500,-8
36.43333,-8
36.44167,-8
36.45000,-8
36.45833,-8
36.46667,-8
36.47500,-8
36.48333,-8
36.49167,-8
36.50000,-8
36.50833,-8
36.51667,-8
36.52500,-8
36.53333,-8
36.54167,-8
36.55000,-8
36.55833,-8
36.56667,-8
36.57500,-8
36.58333,-8
36.59167,-8
36.60000,-8
36.60833,-8
36.61667,-8
36.62500,-8
36.63333,-7
36.64167,-7
36.65000,-7
36.65833,-7
36.66667,-7
36.67500,-7
36.68333,-7
36.69167,-7
36.70000,-7
36.70833,-7
36.71667,-7
36.72500,-7
36.73333,-7
36.74167,-6
36.75000,-6
36.75833,-7
36.76667,-7
36.77500,-7
36.78333,-7
36.79167,-6
36.80000,-6
36.80833,-6
36.81667,-6
36.82500,-6
36.83333,-6
36.84167,-6
36.85000,-6
36.85833,-6
36.86667,-5
36.87500,-5
36.88333,-4
36.89167,-4
36.90000,-4
36.90833,-4
36.91667,-4
36.92500,-4
36.93333,-4
36.94167,-4
36.95000,-3
36.95833,-3
36.96667,-3
36.97500,-3
36.98333,-3
36.99167,-3
37.00000,-4
37.00833,-4
37.01667,-4
37.02500,-4
37.03333,-4
37.04167,-4
37.05000,-4
37.05833,-3
37.06667,-3
37.07500,-3
37.08333,-3
37.09167,-3
37.10000,-3
37.10833,-3
37.11667,-4
37.12500,-4
37.13333,-4
37.14167,-3
37.15000,-3
37.15833,-3
37.16667,-4
37.17500,-4
37.18333,-4
37.19167,-4
37.20000,-3
37.20833,-3
37.21667,-4
37.22500,-4
37.23333,-4
37.24167,-4
37.25000,-4
37.25833,-3
37.26667,-3
37.27500,-4
37.28333,-4
37.29167,-4
37.30000,-5
37.30833,-5
37.31667,-5
37.32500,-4
37.33333,-4
37.34167,-4
37.35000,-4
37.35833,-4
37.36667,-4
37.37500,-4
37.38333,-4
37.39167,-4
37.40000,-5
37.40833,-5
37.41667,-5
37.42500,-5
37.43333,-5
37.44167,-5
37.45000,-5
37.45833,-5
37.46667,-5
37.47500,-5
37.48333,-5
37.49167,-5
37.50000,-5
37.50833,-6
37.51667,-6
37.52500,-6
37.53333,-6
37.54167,-6
37.55000,-6
37.55833,-6
37.56667,-6
37.57500,-6
37.58333,-6
37.59167,-6
37.60000,-6
37.60833,-6
37.61667,-6
37.62500,-6
37.63333,-6
37.64167,-6
37.65000,-6
37.65833,-7
37.66667,-7
37.67500,-7
37.68333,-7
37.69167,-7
37.70000,-7
37.70833,-7
37.71667,-7
37.72500,-8
37.73333,-8
37.74167,-8
37.75000,-8
37.75833,-8
37.76667,-8
37.77500,-8
37.78333,-8
37.79167,-8
37.80000,-8
37.80833,-8
37.81667,-8
37.82500,-8
37.83333,-8
37.84167,-9
37.85000,-9
37.85833,-9
37.86667,-9
37.87500,-8
37.88333,-8
37.89167,-8
37.90000,-8
37.90833,-8
37.91667,-7
37.92500,-8
37.93333,-8
37.94167,-8
37.95000,-8
37.95833,-8
37.96667,-8
37.97500,-9
37.98333,-9
37.99167,-9
38.00000,-9
38.00833,-9
38.01667,-10
38.02500,-10
38.03333,-10
38.04167,-11
38.05000,-11
38.05833,-11
38.06667,-11
38.07500,-11
38.08333,-11
38.09167,-11
38.10000,-11
38.10833,-11
38.11667,-12
38.12500,-12
38.13333,-12
38.14167,-12
38.15000,-12
38.15833,-12
38.16667,-12
38.17500,-12
38.18333,-12
38.19167,-12
38.20000,-12
38.20833,-12
38.21667,-13
38.22500,-12
38.23333,-12
38.24167,-12
38.25000,-12
38.25833,-12
38.26667,-12
38.27500,-12
38.28333,-12
38.29167,-12
38.30000,-13
38.30833,-13
38.31667,-13
38.32500,-13
38.33333,-13
38.34167,-12
38.35000,-13
38.35833,-13
38.36667,-13
38.37500,-13
38.38333,-13
38.39167,-13
38.40000,-13
38.40833,-13
38.41667,-13
38.42500,-13
38.43333,-13
38.44167,-13
38.45000,-13
38.45833,-13
38.46667,-13
38.47500,-13
38.48333,-13
38.49167,-13
38.50000,-13
38.50833,-13
38.51667,-13
38.52500,-13
38.53333,-13
38.54167,-13
38.55000,-13
38.55833,-13
38.56667,-13
38.57500,-14
38.58333,-14
38.59167,-14
38.60000,-14
38.60833,-14
38.61667,-13
38.62500,-14
38.63333,-14
38.64167,-14
38.65000,-14
38.65833,-14
38.66667,-14
38.67500,-15
38.68333,-15
38.69167,-15
38.70000,-15
38.70833,-15
38.71667,-15
38.72500,-15
38.73333,-15
38.74167,-15
38.75000,-16
38.75833,-16
38.76667,-16
38.77500,-16
38.78333,-15
38.79167,-15
38.80000,-15
38.80833,-15
38.81667,-15
38.82500,-15
38.83333,-14
38.84167,-14
38.85000,-15
38.85833,-15
38.86667,-15
38.87500,-15
38.88333,-15
38.89167,-16
38.90000,-16
38.90833,-16
38.91667,-16
38.92500,-16
38.93333,-16
38.94167,-16
38.95000,-16
38.95833,-16
38.96667,-15
38.97500,-15
38.98333,-15
38.99167,-15
39.00000,-15
39.00833,-15
39.01667,-15
39.02500,-15
39.03333,-15
39.04167,-16
39.05000,-16
39.05833,-16
39.06667,-16
39.07500,-16
39.08333,-16
39.09167,-16
39.10000,-16
39.10833,-17
39.11667,-17
39.12500,-17
39.13333,-17
39.14167,-17
39.15000,-17
39.15833,-17
39.16667,-17
39.17500,-16
39.18333,-16
39.19167,-16
39.20000,-16
39.20833,-16
39.21667,-16
39.22500,-16
39.23333,-16
39.24167,-16
39.25000,-16
39.25833,-16
39.26667,-16
39.27500,-16
39.28333,-16
39.29167,-16
39.30000,-16
39.30833,-16
39.31667,-16
39.32500,-17
39.33333,-17
39.34167,-17
39.35000,-17
39.35833,-17
39.36667,-17
39.37500,-17
39.38333,-17
39.39167,-17
39.40000,-17
39.40833,-17
39.41667,-17
39.42500,-17
39.43333,-17
39.44167,-18
39.45000,-18
39.45833,-18
39.46667,-18
39.47500,-17
39.48333,-17
39.49167,-17
39.50000,-18
39.50833,-18
39.51667,-18
39.52500,-18
39.53333,-18
39.54167,-17
39.55000,-17
39.55833,-17
39.56667,-17
39.57500,-17
39.58333,-17
39.59167,-17
39.60000,-17
39.60833,-17
39.61667,-18
39.62500,-18
39.63333,-18
39.64167,-18
39.65000,-18
39.65833,-18
39.66667,-18
39.67500,-18
39.68333,-18
39.69167,-18
39.70000,-18
39.70833,-17
39.71667,-17
39.72500,-18
39.73333,-18
39.74167,-18
39.75000,-18
39.75833,-18
39.76667,-18
39.77500,-18
39.78333,-18
39.79167,-18
39.80000,-17
39.80833,-17
39.81667,-18
39.82500,-18
39.83333,-18
39.84167,-18
39.85000,-18
39.85833,-17
39.86667,-17
39.87500,-17
39.88333,-17
39.89167,-17
39.90000,-17
39.90833,-17
39.91667,-17
39.92500,-17
39.93333,-17
39.94167,-17
39.95000,-17
39.95833,-17
39.96667,-17
39.97500,-17
39.98333,-17
39.99167,-17
40.00000,-17
40.00833,-17
40.01667,-17
40.02500,-17
40.03333,-17
40.04167,-17
40.05000,-17
40.05833,-17
40.06667,-17
40.07500,-17
40.08333,-17
40.09167,-17
40.10000,-17
40.10833,-17
40.11667,-16
40.12500,-16
40.13333,-16
40.14167,-16
40.15000,-16
40.15833,-16
40.16667,-16
40.17500,-16
40.18333,-16
40.19167,-16
40.20000,-16
40.20833,-16
40.21667,-16
40.22500,-16
40.23333,-16
40.24167,-17
40.25000,-17
40.25833,-17
40.26667,-17
40.27500,-17
40.28333,-17
40.29167,-17
40.30000,-17
40.30833,-17
40.31667,-17
40.32500,-17
40.33333,-17
40.34167,-17
40.35000,-17
40.35833,-16
40.36667,-16
40.37500,-16
40.38333,-16
40.39167,-17
40.40000,-17
40.40833,-18
40.41667,-18
40.42500,-18
40.43333,-18
40.44167,-17
40.45000,-17
40.45833,-17
40.46667,-17
40.47500,-17
40.48333,-17
40.49167,-17
40.50000,-17
40.50833,-17
40.51667,-17
40.52500,-17
40.53333,-17
40.54167,-17
40.55000,-18
40.55833,-18
40.56667,-18
40.57500,-18
40.58333,-18
40.59167,-18
40.60000,-18
40.60833,-18
40.61667,-18
40.62500,-18
40.63333,-18
40.64167,-18
40.65000,-18
40.65833,-18
40.66667,-18
40.67500,-17
40.68333,-17
40.69167,-17
40.70000,-17
40.70833,-17
40.71667,-17
40.72500,-17
40.73333,-17
40.74167,-18
40.75000,-18
40.75833,-18
40.76667,-18
40.77500,-17
40.78333,-17
40.79167,-17
40.80000,-17
40.80833,-17
40.81667,-17
40.82500,-17
40.83333,-17
40.84167,-17
40.85000,-17
40.85833,-17
40.86667,-17
40.87500,-17
40.88333,-17
40.89167,-17
40.90000,-17
40.90833,-17
40.91667,-17
40.92500,-17
40.93333,-17
40.94167,-17
40.95000,-17
40.95833,-17
40.96667,-18
40.97500,-18
40.98333,-18
40.99167,-18
41.00000,-18
41.00833,-18
41.01667,-17
41.02500,-18
41.03333,-18
41.04167,-18
41.05000,-18
41.05833,-18
41.06667,-18
41.07500,-18
41.08333,-18
41.09167,-18
41.10000,-18
41.10833,-18
41.11667,-18
41.12500,-18
41.13333,-18
41.14167,-18
41.15000,-18
41.15833,-19
41.16667,-19
41.17500,-19
41.18333,-19
41.19167,-19
41.20000,-18
41.20833,-18
41.21667,-18
41.22500,-18
41.23333,-18
41.24167,-18
41.25000,-17
41.25833,-18
41.26667,-18
41.27500,-18
41.28333,-17
41.29167,-17
41.30000,-17
41.30833,-17
41.31667,-17
41.32500,-17
41.33333,-17
41.34167,-18
41.35000,-18
41.35833,-18
41.36667,-18
41.37500,-18
41.38333,-18
41.39167,-18
41.40000,-18
41.40833,-18
41.41667,-18
41.42500,-17
41.43333,-17
41.44167,-17
41.45000,-17
41.45833,-18
41.46667,-18
41.47500,-18
41.48333,-18
41.49167,-18
41.50000,-18
41.50833,-18
41.51667,-17
41.52500,-17
41.53333,-17
41.54167,-17
41.55000,-17
41.55833,-17
41.56667,-17
41.57500,-17
41.58333,-17
41.59167,-17
41.60000,-18
41.60833,-18
41.61667,-17
41.62500,-17
41.63333,-17
41.64167,-17
41.65000,-17
41.65833,-17
41.66667,-17
41.67500,-17
41.68333,-17
41.69167,-17
41.70000,-17
41.70833,-17
41.71667,-18
41.72500,-18
41.73333,-18
41.74167,-18
41.75000,-18
41.75833,-18
41.76667,-18
41.77500,-18
41.78333,-18
41.79167,-18
41.80000,-18
41.80833,-18
41.81667,-17
41.82500,-17
41.83333,-17
41.84167,-18
41.85000,-18
41.85833,-18
41.86667,-18
41.87500,-18
41.88333,-18
41.89167,-18
41.90000,-18
41.90833,-18
41.91667,-18
41.92500,-18
41.93333,-17
41.94167,-17
41.95000,-17
41.95833,-17
41.96667,-18
41.97500,-18
41.98333,-18
41.99167,-18
42.00000,-18
42.00833,-18
42.01667,-18
42.02500,-18
42.03333,-17
42.04167,-17
42.05000,-17
42.05833,-17
42.06667,-18
42.07500,-18
42.08333,-18
42.09167,-18
42.10000,-18
42.10833,-18
42.11667,-18
42.12500,-17
42.13333,-17
42.14167,-16
42.15000,-16
42.15833,-17
42.16667,-17
42.17500,-17
42.18333,-17
42.19167,-17
42.20000,-17
42.20833,-17
42.21667,-17
42.22500,-17
42.23333,-18
42.24167,-18
42.25000,-18
42.25833,-18
42.26667,-17
42.27500,-17
42.28333,-17
42.29167,-17
42.30000,-17
42.30833,-17
42.31667,-17
42.32500,-17
42.33333,-17
42.34167,-17
42.35000,-17
42.35833,-17
42.36667,-18
42.37500,-18
42.38333,-18
42.39167,-18
42.40000,-18
42.40833,-18
42.41667,-17
42.42500,-17
42.43333,-17
42.44167,-17
42.45000,-17
42.45833,-17
42.46667,-17
42.47500,-17
42.48333,-17
42.49167,-17
42.50000,-17
42.50833,-17
42.51667,-18
42.52500,-18
42.53333,-18
42.54167,-17
42.55000,-17
42.55833,-18
42.56667,-18
42.57500,-18
42.58333,-17
42.59167,-17
42.60000,-17
42.60833,-16
42.61667,-16
42.62500,-16
42.63333,-16
42.64167,-16
42.65000,-16
42.65833,-16
42.66667,-16
42.67500,-16
42.68333,-17
42.69167,-17
42.70000,-17
42.70833,-17
42.71667,-17
42.72500,-17
42.73333,-17
42.74167,-17
42.75000,-17
42.75833,-17
42.76667,-17
42.77500,-17
42.78333,-17
42.79167,-17
42.80000,-17
42.80833,-17
42.81667,-17
42.82500,-17
42.83333,-17
42.84167,-17
42.85000,-17
42.85833,-16
42.86667,-16
42.87500,-16
42.88333,-16
42.89167,-16
42.90000,-17
42.90833,-17
42.91667,-17
42.92500,-17
42.93333,-17
42.94167,-17
42.95000,-17
42.95833,-18
42.96667,-18
42.97500,-18
42.98333,-18
42.99167,-18
43.00000,-18
43.00833,-18
43.01667,-18
43.02500,-18
43.03333,-18
43.04167,-17
43.05000,-17
43.05833,-17
43.06667,-17
43.07500,-17
43.08333,-17
43.09167,-17
43.10000,-17
43.10833,-17
43.11667,-17
43.12500,-18
43.13333,-18
43.14167,-18
43.15000,-18
43.15833,-18
43.16667,-18
43.17500,-18
43.18333,-18
43.19167,-18
43.20000,-18
43.20833,-18
43.21667,-18
43.22500,-18
43.23333,-18
43.24167,-18
43.25000,-18
43.25833,-18
43.26667,-18
43.27500,-18
43.28333,-18
43.29167,-18
43.30000,-18
43.30833,-18
43.31667,-18
43.32500,-17
43.33333,-18
43.34167,-18
43.35000,-18
43.35833,-17
43.36667,-17
43.37500,-17
43.38333,-17
43.39167,-17
43.40000,-17
43.40833,-17
43.41667,-17
43.42500,-17
43.43333,-18
43.44167,-18
43.45000,-18
43.45833,-18
43.46667,-18
43.47500,-18
43.48333,-18
43.49167,-18
43.50000,-18
43.50833,-17
43.51667,-18
43.52500,-18
43.53333,-18
43.54167,-18
43.55000,-18
43.55833,-18
43.56667,-18
43.57500,-18
43.58333,-18
43.59167,-18
43.60000,-18
43.60833,-18
43.61667,-18
43.62500,-18
43.63333,-18
43.64167,-18
43.65000,-18
43.65833,-18
43.66667,-18
43.67500,-18
43.68333,-18
43.69167,-18
43.70000,-18
43.70833,-18
43.71667,-18
43.72500,-18
43.73333,-18
43.74167,-18
43.75000,-17
43.75833,-17
43.76667,-17
43.77500,-17
43.78333,-17
43.79167,-17
43.80000,-18
43.80833,-18
43.81667,-18
43.82500,-18
43.83333,-18
43.84167,-18
43.85000,-18
43.85833,-18
43.86667,-18
43.87500,-18
43.88333,-18
43.89167,-19
43.90000,-19
43.90833,-19
43.91667,-19
43.92500,-19
43.93333,-19
43.94167,-19
43.95000,-19
43.95833,-19
43.96667,-19
43.97500,-19
43.98333,-19
43.99167,-18
44.00000,-18
44.00833,-17
44.01667,-17
44.02500,-17
44.03333,-17
44.04167,-17
44.05000,-18
44.05833,-18
44.06667,-18
44.07500,-19
44.08333,-18
44.09167,-18
44.10000,-18
44.10833,-18
44.11667,-19
44.12500,-19
44.13333,-19
44.14167,-19
44.15000,-19
44.15833,-19
44.16667,-19
44.17500,-19
44.18333,-19
44.19167,-19
44.20000,-19
44.20833,-19
44.21667,-19
44.22500,-19
44.23333,-18
44.24167,-18
44.25000,-18
44.25833,-18
44.26667,-19
44.27500,-19
44.28333,-19
44.29167,-19
44.30000,-19
44.30833,-19
44.31667,-19
44.32500,-19
44.33333,-19
44.34167,-19
44.35000,-19
44.35833,-19
44.36667,-19
44.37500,-19
44.38333,-19
44.39167,-19
44.40000,-19
44.40833,-19
44.41667,-18
44.42500,-18
44.43333,-18
44.44167,-18
44.45000,-18
44.45833,-18
44.46667,-19
44.47500,-18
44.48333,-19
44.49167,-19
44.50000,-19
44.50833,-19
44.51667,-19
44.52500,-19
44.53333,-19
44.54167,-19
44.55000,-20
44.55833,-20
44.56667,-20
44.57500,-20
44.58333,-20
44.59167,-19
44.60000,-19
44.60833,-19
44.61667,-20
44.62500,-20
44.63333,-20
44.64167,-20
44.65000,-19
44.65833,-19
44.66667,-19
44.67500,-19
44.68333,-19
44.69167,-20
44.70000,-20
44.70833,-20
44.71667,-19
44.72500,-19
44.73333,-19
44.74167,-19
44.75000,-19
44.75833,-19
44.76667,-18
44.77500,-18
44.78333,-18
44.79167,-18
44.80000,-18
44.80833,-18
44.81667,-19
44.82500,-19
44.83333,-19
44.84167,-19
44.85000,-19
44.85833,-20
44.86667,-20
44.87500,-19
44.88333,-19
44.89167,-19
44.90000,-19
44.90833,-19
44.91667,-19
44.92500,-19
44.93333,-19
44.94167,-19
44.95000,-19
44.95833,-19
44.96667,-19
44.97500,-20
44.98333,-20
44.99167,-20
45.00000,-20
45.00833,-20
45.01667,-20
45.02500,-19
45.03333,-19
45.04167,-19
45.05000,-20
45.05833,-20
45.06667,-20
45.07500,-20
45.08333,-20
45.09167,-20
45.10000,-20
45.10833,-20
45.11667,-19
45.12500,-19
45.13333,-19
45.14167,-19
45.15000,-19
45.15833,-19
45.16667,-19
45.17500,-19
45.18333,-19
45.19167,-19
45.20000,-19
45.20833,-20
45.21667,-20
45.22500,-20
45.23333,-20
45.24167,-20
45.25000,-20
45.25833,-19
45.26667,-19
45.27500,-19
45.28333,-18
45.29167,-18
45.30000,-18
45.30833,-18
45.31667,-18
45.32500,-19
45.33333,-19
45.34167,-19
45.35000,-19
45.35833,-20
45.36667,-20
45.37500,-20
45.38333,-19
45.39167,-19
45.40000,-20
45.40833,-20
45.41667,-20
45.42500,-20
45.43333,-20
45.44167,-20
45.45000,-20
45.45833,-20
45.46667,-20
45.47500,-20
45.48333,-20
45.49167,-20
45.50000,-20
45.50833,-20
45.51667,-20
45.52500,-20
45.53333,-21
45.54167,-20
45.55000,-20
45.55833,-20
45.56667,-20
45.57500,-19
45.58333,-19
45.59167,-19
45.60000,-19
45.60833,-19
45.61667,-19
45.62500,-19
45.63333,-19
45.64167,-19
45.65000,-20
45.65833,-20
45.66667,-20
45.67500,-20
45.68333,-20
45.69167,-20
45.70000,-20
45.70833,-20
45.71667,-20
45.72500,-20
45.73333,-20
45.74167,-20
45.75000,-20
45.75833,-20
45.76667,-20
45.77500,-20
45.78333,-20
45.79167,-20
45.80000,-20
45.80833,-20
45.81667,-20
45.82500,-20
45.83333,-20
45.84167,-20
45.85000,-20
45.85833,-20
45.86667,-20
45.87500,-20
45.88333,-20
45.89167,-19
45.90000,-19
45.90833,-19
45.91667,-19
45.92500,-20
45.93333,-20
45.94167,-20
45.95000,-20
45.95833,-20
45.96667,-20
45.97500,-20
45.98333,-20
45.99167,-20
46.00000,-19
46.00833,-19
46.01667,-19
46.02500,-19
46.03333,-19
46.04167,-19
46.05000,-19
46.05833,-19
46.06667,-19
46.07500,-19
46.08333,-19
46.09167,-19
46.10000,-19
46.10833,-19
46.11667,-19
46.12500,-19
46.13333,-19
46.14167,-19
46.15000,-20
46.15833,-20
46.16667,-20
46.17500,-20
46.18333,-20
46.19167,-20
46.20000,-20
46.20833,-20
46.21667,-19
46.22500,-19
46.23333,-19
46.24167,-20
46.25000,-20
46.25833,-20
46.26667,-20
46.27500,-20
46.28333,-20
46.29167,-20
46.30000,-20
46.30833,-20
46.31667,-20
46.32500,-20
46.33333,-20
46.34167,-20
46.35000,-20
46.35833,-19
46.36667,-19
46.37500,-19
46.38333,-19
46.39167,-19
46.40000,-19
46.40833,-19
46.41667,-20
46.42500,-19
46.43333,-19
46.44167,-20
46.45000,-20
46.45833,-20
46.46667,-20
46.47500,-20
46.48333,-20
46.49167,-20
46.50000,-20
46.50833,-20
46.51667,-20
46.52500,-20
46.53333,-20
46.54167,-20
46.55000,-19
46.55833,-19
46.56667,-19
46.57500,-18
46.58333,-18
46.59167,-18
46.60000,-19
46.60833,-19
46.61667,-19
46.62500,-19
46.63333,-19
46.64167,-19
46.65000,-19
46.65833,-19
46.66667,-19
46.67500,-19
46.68333,-19
46.69167,-19
46.70000,-19
46.70833,-19
46.71667,-20
46.72500,-20
46.73333,-20
46.74167,-20
46.75000,-20
46.75833,-20
46.76667,-20
46.77500,-21
46.78333,-21
46.79167,-20
46.80000,-20
46.80833,-20
46.81667,-20
46.82500,-20
46.83333,-20
46.84167,-20
46.85000,-20
46.85833,-20
46.86667,-20
46.87500,-20
46.88333,-20
46.89167,-20
46.90000,-20
46.90833,-20
46.91667,-20
46.92500,-20
46.93333,-20
46.94167,-20
46.95000,-20
46.95833,-20
46.96667,-20
46.97500,-19
46.98333,-19
46.99167,-19
47.00000,-19
47.00833,-19
47.01667,-19
47.02500,-19
47.03333,-19
47.04167,-19
47.05000,-19
47.05833,-19
47.06667,-19
47.07500,-20
47.08333,-20
47.09167,-19
47.10000,-19
47.10833,-19
47.11667,-19
47.12500,-19
47.13333,-19
47.14167,-19
47.15000,-19
47.15833,-19
47.16667,-19
47.17500,-20
47.18333,-20
47.19167,-20
47.20000,-20
47.20833,-21
47.21667,-21
47.22500,-21
47.23333,-21
47.24167,-20
47.25000,-20
47.25833,-20
47.26667,-20
47.27500,-20
47.28333,-20
47.29167,-20
47.30000,-20
47.30833,-20
47.31667,-20
47.32500,-20
47.33333,-20
47.34167,-20
47.35000,-20
47.35833,-20
47.36667,-20
47.37500,-20
47.38333,-20
47.39167,-20
47.40000,-20
47.40833,-21
47.41667,-21
47.42500,-21
47.43333,-21
47.44167,-20
47.45000,-20
47.45833,-20
47.46667,-20
47.47500,-20
47.48333,-20
47.49167,-20
47.50000,-20
47.50833,-20
47.51667,-20
47.52500,-20
47.53333,-20
47.54167,-20
47.55000,-20
47.55833,-20
47.56667,-20
47.57500,-21
47.58333,-21
47.59167,-21
47.60000,-21
47.60833,-21
47.61667,-20
47.62500,-20
47.63333,-20
47.64167,-20
47.65000,-21
47.65833,-21
47.66667,-21
47.67500,-21
47.68333,-21
47.69167,-21
47.70000,-21
47.70833,-21
47.71667,-21
47.72500,-21
47.73333,-21
47.74167,-20
47.75000,-20
47.75833,-20
47.76667,-20
47.77500,-20
47.78333,-20
47.79167,-20
47.80000,-20
47.80833,-20
47.81667,-20
47.82500,-20
47.83333,-20
47.84167,-20
47.85000,-20
47.85833,-20
47.86667,-20
47.87500,-20
47.88333,-20
47.89167,-20
47.90000,-19
47.90833,-19
47.91667,-19
47.92500,-19
47.93333,-20
47.94167,-20
47.95000,-20
47.95833,-20
47.96667,-19
47.97500,-19
47.98333,-20
47.99167,-20
48.00000,-20
48.00833,-20
48.01667,-20
48.02500,-20
48.03333,-20
48.04167,-20
48.05000,-20
48.05833,-20
48.06667,-21
48.07500,-21
48.08333,-21
48.09167,-21
48.10000,-21
48.10833,-21
48.11667,-21
48.12500,-21
48.13333,-21
48.14167,-21
48.15000,-21
48.15833,-21
48.16667,-21
48.17500,-20
48.18333,-21
48.19167,-21
48.20000,-21
48.20833,-21
48.21667,-21
48.22500,-21
48.23333,-20
48.24167,-20
48.25000,-21
48.25833,-21
48.26667,-21
48.27500,-21
48.28333,-20
48.29167,-20
48.30000,-20
48.30833,-20
48.31667,-20
48.32500,-20
48.33333,-20
48.34167,-20
48.35000,-20
48.35833,-20
48.36667,-21
48.37500,-21
48.38333,-21
48.39167,-21
48.40000,-21
48.40833,-21
48.41667,-21
48.42500,-21
48.43333,-21
48.44167,-21
48.45000,-20
48.45833,-21
48.46667,-21
48.47500,-21
48.48333,-21
48.49167,-21
48.50000,-21
48.50833,-21
48.51667,-21
48.52500,-21
48.53333,-21
48.54167,-21
48.55000,-21
48.55833,-21
48.56667,-21
48.57500,-21
48.58333,-21
48.59167,-20
48.60000,-20
48.60833,-20
48.61667,-20
48.62500,-20
48.63333,-20
48.64167,-20
48.65000,-20
48.65833,-20
48.66667,-20
48.67500,-20
48.68333,-20
48.69167,-20
48.70000,-20
48.70833,-20
48.71667,-20
48.72500,-20
48.73333,-20
48.74167,-20
48.75000,-20
48.75833,-20
48.76667,-21
48.77500,-21
48.78333,-21
48.79167,-21
48.80000,-21
48.80833,-21
48.81667,-21
48.82500,-21
48.83333,-21
48.84167,-21
48.85000,-22
48.85833,-22
48.86667,-22
48.87500,-21
48.88333,-21
48.89167,-21
48.90000,-21
48.90833,-21
48.91667,-21
48.92500,-21
48.93333,-21
48.94167,-21
48.95000,-21
48.95833,-21
48.96667,-21
48.97500,-21
48.98333,-21
48.99167,-20
49.00000,-20
49.00833,-20
49.01667,-20
49.02500,-20
49.03333,-21
49.04167,-21
49.05000,-21
49.05833,-20
49.06667,-20
49.07500,-20
49.08333,-20
49.09167,-20
49.10000,-20
49.10833,-20
49.11667,-20
49.12500,-20
49.13333,-20
49.14167,-20
49.15000,-20
49.15833,-20
49.16667,-20
49.17500,-20
49.18333,-20
49.19167,-21
49.20000,-21
49.20833,-21
49.21667,-22
49.22500,-22
49.23333,-22
49.24167,-22
49.25000,-21
49.25833,-21
49.26667,-21
49.27500,-21
49.28333,-21
49.29167,-21
49.30000,-21
49.30833,-21
49.31667,-21
49.32500,-20
49.33333,-20
49.34167,-20
49.35000,-19
49.35833,-19
49.36667,-20
49.37500,-20
49.38333,-20
49.39167,-20
49.40000,-20
49.40833,-20
49.41667,-20
49.42500,-20
49.43333,-19
49.44167,-19
49.45000,-19
49.45833,-19
49.46667,-19
49.47500,-20
49.48333,-20
49.49167,-20
49.50000,-20
49.50833,-20
49.51667,-20
49.52500,-20
49.53333,-20
49.54167,-20
49.55000,-20
49.55833,-20
49.56667,-20
49.57500,-20
49.58333,-20
49.59167,-20
49.60000,-20
49.60833,-20
49.61667,-20
49.62500,-20
49.63333,-20
49.64167,-20
49.65000,-21
49.65833,-21
49.66667,-21
49.67500,-21
49.68333,-21
49.69167,-21
49.70000,-21
49.70833,-21
49.71667,-20
49.72500,-20
49.73333,-20
49.74167,-20
49.75000,-20
49.75833,-20
49.76667,-20
49.77500,-20
49.78333,-20
49.79167,-20
49.80000,-19
49.80833,-19
49.81667,-19
49.82500,-19
49.83333,-19
49.84167,-19
49.85000,-19
49.85833,-19
49.86667,-19
49.87500,-19
49.88333,-20
49.89167,-20
49.90000,-20
49.90833,-20
49.91667,-20
49.92500,-20
49.93333,-20
49.94167,-20
49.95000,-20
49.95833,-20
49.96667,-21
49.97500,-20
49.98333,-20
49.99167,-20
50.00000,-20