time,signal
0.00000,-0
0.00833,-0
0.01667,-0
0.02500,0
0.03333,0
0.04167,0
0.05000,0
0.05833,1
0.06667,1
0.07500,1
0.08333,1
0.09167,1
0.10000,1
0.10833,1
0.11667,1
0.12500,1
0.13333,1
0.14167,1
0.15000,1
0.15833,1
0.16667,1
0.17500,1
0.18333,1
0.19167,1
0.20000,1
0.20833,1
0.21667,1
0.22500,1
0.23333,1
0.24167,2
0.25000,2
0.25833,2
0.26667,2
0.27500,2
0.28333,2
0.29167,2
0.30000,1
0.30833,1
0.31667,1
0.32500,1
0.33333,0
0.34167,0
0.35000,0
0.35833,-0
0.36667,-0
0.37500,-0
0.38333,-0
0.39167,-0
0.40000,-0
0.40833,-0
0.41667,-0
0.42500,0
0.43333,0
0.44167,1
0.45000,1
0.45833,1
0.46667,2
0.47500,1
0.48333,0
0.49167,0
0.50000,-0
0.50833,-0
0.51667,-0
0.52500,-0
0.53333,0
0.54167,0
0.55000,1
0.55833,1
0.56667,1
0.57500,1
0.58333,0
0.59167,0
0.60000,1
0.60833,1
0.61667,1
0.62500,1
0.63333,1
0.64167,1
0.65000,1
0.65833,1
0.66667,2
0.67500,2
0.68333,2
0.69167,2
0.70000,2
0.70833,2
0.71667,1
0.72500,1
0.73333,1
0.74167,1
0.75000,1
0.75833,1
0.76667,1
0.77500,1
0.78333,1
0.79167,1
0.80000,1
0.80833,1
0.81667,1
0.82500,0
0.83333,0
0.84167,1
0.85000,1
0.85833,1
0.86667,1
0.87500,2
0.88333,2
0.89167,2
0.90000,2
0.90833,2
0.91667,2
0.92500,1
0.93333,1
0.94167,1
0.95000,1
0.95833,2
0.96667,2
0.97500,1
0.98333,1
0.99167,1
1.00000,1
1.00833,1
1.01667,1
1.02500,1
1.03333,1
1.04167,1
1.05000,1
1.05833,1
1.06667,2
1.07500,1
1.08333,1
1.09167,1
1.10000,1
1.10833,1
1.11667,1
1.12500,1
1.13333,1
1.14167,2
1.15000,2
1.15833,2
1.16667,2
1.17500,2
1.18333,2
1.19167,2
1.20000,1
1.20833,1
1.21667,1
1.22500,2
1.23333,2
1.24167,2
1.25000,2
1.25833,2
1.26667,2
1.27500,2
1.28333,2
1.29167,2
1.30000,1
1.30833,1
1.31667,1
1.32500,1
1.33333,0
1.34167,0
1.35000,1
1.35833,0
1.36667,0
1.37500,0
1.38333,0
1.39167,1
1.40000,1
1.40833,1
1.41667,1
1.42500,1
1.43333,1
1.44167,2
1.45000,2
1.45833,2
1.46667,2
1.47500,1
1.48333,1
1.49167,1
1.50000,1
1.50833,0
1.51667,0
1.52500,1
1.53333,1
1.54167,1
1.55000,1
1.55833,1
1.56667,1
1.57500,1
1.58333,1
1.59167,0
1.60000,-0
1.60833,0
1.61667,0
1.62500,1
1.63333,1
1.64167,1
1.65000,1
1.65833,1
1.66667,1
1.67500,1
1.68333,1
1.69167,1
1.70000,0
1.70833,0
1.71667,0
1.72500,1
1.73333,0
1.74167,0
1.75000,-0
1.75833,-0
1.76667,0
1.77500,0
1.78333,-0
1.79167,0
1.80000,0
1.80833,1
1.81667,1
1.82500,1
1.83333,1
1.84167,1
1.85000,1
1.85833,1
1.86667,2
1.87500,2
1.88333,2
1.89167,2
1.90000,2
1.90833,2
1.91667,2
1.92500,2
1.93333,2
1.94167,1
1.95000,1
1.95833,0
1.96667,-0
1.97500,-0
1.98333,0
1.99167,0
2.00000,1
2.00833,1
2.01667,1
2.02500,0
2.03333,0
2.04167,1
2.05000,1
2.05833,1
2.06667,1
2.07500,1
2.08333,1
2.09167,1
2.10000,1
2.10833,1
2.11667,1
2.12500,1
2.13333,1
2.14167,1
2.15000,1
2.15833,2
2.16667,1
2.17500,1
2.18333,1
2.19167,1
2.20000,1
2.20833,1
2.21667,1
2.22500,1
2.23333,2
2.24167,2
2.25000,2
2.25833,2
2.26667,2
2.27500,1
2.28333,1
2.29167,1
2.30000,1
2.30833,1
2.31667,1
2.32500,1
2.33333,1
2.34167,1
2.35000,1
2.35833,1
2.36667,1
2.37500,1
2.38333,1
2.39167,1
2.40000,1
2.40833,1
2.41667,1
2.42500,1
2.43333,0
2.44167,1
2.45000,1
2.45833,1
2.46667,1
2.47500,1
2.48333,1
2.49167,1
2.50000,1
2.50833,1
2.51667,1
2.52500,1
2.53333,1
2.54167,1
2.55000,1
2.55833,1
2.56667,1
2.57500,1
2.58333,1
2.59167,0
2.60000,0
2.60833,0
2.61667,0
2.62500,0
2.63333,0
2.64167,0
2.65000,1
2.65833,1
2.66667,1
2.67500,1
2.68333,1
2.69167,1
2.70000,1
2.70833,1
2.71667,2
2.72500,2
2.73333,2
2.74167,2
2.75000,1
2.75833,1
2.76667,1
2.77500,1
2.78333,1
2.79167,1
2.80000,1
2.80833,1
2.81667,1
2.82500,0
2.83333,1
2.84167,1
2.85000,1
2.85833,1
2.86667,1
2.87500,2
2.88333,1
2.89167,1
2.90000,1
2.90833,1
2.91667,1
2.92500,1
2.93333,1
2.94167,1
2.95000,1
2.95833,1
2.96667,1
2.97500,1
2.98333,1
2.99167,1
3.00000,1
3.00833,1
3.01667,1
3.02500,2
3.03333,2
3.04167,2
3.05000,2
3.05833,2
3.06667,2
3.07500,2
3.08333,2
3.09167,2
3.10000,2
3.10833,2
3.11667,2
3.12500,2
3.13333,2
3.14167,2
3.15000,2
3.15833,2
3.16667,1
3.17500,1
3.18333,1
3.19167,1
3.20000,2
3.20833,2
3.21667,2
3.22500,2
3.23333,2
3.24167,2
3.25000,2
3.25833,2
3.26667,2
3.27500,2
3.28333,2
3.29167,2
3.30000,2
3.30833,2
3.31667,2
3.32500,2
3.33333,2
3.34167,2
3.35000,2
3.35833,2
3.36667,2
3.37500,2
3.38333,2
3.39167,2
3.40000,1
3.40833,1
3.41667,1
3.42500,1
3.43333,1
3.44167,1
3.45000,1
3.45833,1
3.46667,1
3.47500,1
3.48333,1
3.49167,1
3.50000,2
3.50833,2
3.51667,2
3.52500,2
3.53333,2
3.54167,2
3.55000,2
3.55833,2
3.56667,2
3.57500,2
3.58333,2
3.59167,3
3.60000,3
3.60833,3
3.61667,2
3.62500,2
3.63333,2
3.64167,2
3.65000,2
3.65833,2
3.66667,1
3.67500,1
3.68333,1
3.69167,1
3.70000,1
3.70833,1
3.71667,2
3.72500,2
3.73333,2
3.74167,2
3.75000,2
3.75833,1
3.76667,1
3.77500,2
3.78333,1
3.79167,1
3.80000,1
3.80833,1
3.81667,1
3.82500,2
3.83333,1
3.84167,1
3.85000,1
3.85833,1
3.86667,1
3.87500,1
3.88333,1
3.89167,1
3.90000,2
3.90833,2
3.91667,2
3.92500,2
3.93333,2
3.94167,2
3.95000,2
3.95833,2
3.96667,2
3.97500,1
3.98333,1
3.99167,2
4.00000,1
4.00833,1
4.01667,1
4.02500,2
4.03333,2
4.04167,2
4.05000,3
4.05833,3
4.06667,3
4.07500,3
4.08333,3
4.09167,3
4.10000,2
4.10833,2
4.11667,2
4.12500,2
4.13333,2
4.14167,2
4.15000,2
4.15833,1
4.16667,1
4.17500,1
4.18333,1
4.19167,1
4.20000,1
4.20833,2
4.21667,2
4.22500,3
4.23333,3
4.24167,3
4.25000,3
4.25833,3
4.26667,3
4.27500,3
4.28333,3
4.29167,2
4.30000,2
4.30833,2
4.31667,1
4.32500,2
4.33333,2
4.34167,1
4.35000,1
4.35833,1
4.36667,1
4.37500,1
4.38333,1
4.39167,1
4.40000,1
4.40833,1
4.41667,1
4.42500,1
4.43333,2
4.44167,2
4.45000,2
4.45833,2
4.46667,2
4.47500,2
4.48333,2
4.49167,2
4.50000,2
4.50833,2
4.51667,2
4.52500,2
4.53333,2
4.54167,2
4.55000,2
4.55833,2
4.56667,2
4.57500,2
4.58333,2
4.59167,2
4.60000,2
4.60833,2
4.61667,2
4.62500,2
4.63333,2
4.64167,2
4.65000,2
4.65833,2
4.66667,2
4.67500,2
4.68333,1
4.69167,1
4.70000,1
4.70833,1
4.71667,1
4.72500,1
4.73333,1
4.74167,1
4.75000,1
4.75833,1
4.76667,1
4.77500,1
4.78333,1
4.79167,1
4.80000,1
4.80833,1
4.81667,2
4.82500,1
4.83333,1
4.84167,1
4.85000,1
4.85833,2
4.86667,2
4.87500,2
4.88333,2
4.89167,2
4.90000,2
4.90833,2
4.91667,2
4.92500,2
4.93333,2
4.94167,2
4.95000,3
4.95833,3
4.96667,3
4.97500,3
4.98333,2
4.99167,2
5.00000,2
5.00833,2
5.01667,2
5.02500,2
5.03333,2
5.04167,2
5.05000,2
5.05833,2
5.06667,2
5.07500,2
5.08333,2
5.09167,2
5.10000,2
5.10833,2
5.11667,2
5.12500,2
5.13333,1
5.14167,1
5.15000,1
5.15833,1
5.16667,1
5.17500,1
5.18333,1
5.19167,1
5.20000,2
5.20833,2
5.21667,2
5.22500,2
5.23333,2
5.24167,1
5.25000,1
5.25833,1
5.26667,1
5.27500,1
5.28333,1
5.29167,1
5.30000,0
5.30833,0
5.31667,0
5.32500,0
5.33333,0
5.34167,0
5.35000,1
5.35833,1
5.36667,2
5.37500,2
5.38333,2
5.39167,2
5.40000,2
5.40833,2
5.41667,2
5.42500,1
5.43333,1
5.44167,1
5.45000,0
5.45833,0
5.46667,1
5.47500,1
5.48333,1
5.49167,1
5.50000,1
5.50833,1
5.51667,1
5.52500,1
5.53333,1
5.54167,2
5.55000,2
5.55833,2
5.56667,2
5.57500,2
5.58333,2
5.59167,3
5.60000,3
5.60833,2
5.61667,2
5.62500,2
5.63333,2
5.64167,2
5.65000,2
5.65833,2
5.66667,2
5.67500,2
5.68333,1
5.69167,1
5.70000,2
5.70833,2
5.71667,1
5.72500,1
5.73333,1
5.74167,1
5.75000,1
5.75833,1
5.76667,1
5.77500,1
5.78333,1
5.79167,1
5.80000,1
5.80833,1
5.81667,1
5.82500,1
5.83333,2
5.84167,2
5.85000,2
5.85833,2
5.86667,2
5.87500,1
5.88333,1
5.89167,1
5.90000,1
5.90833,1
5.91667,1
5.92500,1
5.93333,2
5.94167,2
5.95000,2
5.95833,2
5.96667,2
5.97500,2
5.98333,2
5.99167,2
6.00000,2
6.00833,2
6.01667,2
6.02500,2
6.03333,2
6.04167,2
6.05000,3
6.05833,3
6.06667,3
6.07500,3
6.08333,2
6.09167,2
6.10000,2
6.10833,2
6.11667,2
6.12500,2
6.13333,2
6.14167,2
6.15000,2
6.15833,2
6.16667,2
6.17500,2
6.18333,2
6.19167,2
6.20000,2
6.20833,2
6.21667,2
6.22500,2
6.23333,1
6.24167,1
6.25000,1
6.25833,1
6.26667,1
6.27500,1
6.28333,1
6.29167,1
6.30000,2
6.30833,2
6.31667,2
6.32500,2
6.33333,3
6.34167,3
6.35000,2
6.35833,2
6.36667,2
6.37500,2
6.38333,2
6.39167,2
6.40000,2
6.40833,2
6.41667,2
6.42500,2
6.43333,2
6.44167,2
6.45000,2
6.45833,2
6.46667,2
6.47500,2
6.48333,2
6.49167,1
6.50000,1
6.50833,1
6.51667,1
6.52500,1
6.53333,1
6.54167,1
6.55000,1
6.55833,1
6.56667,1
6.57500,1
6.58333,1
6.59167,1
6.60000,1
6.60833,1
6.61667,1
6.62500,1
6.63333,1
6.64167,1
6.65000,1
6.65833,2
6.66667,2
6.67500,1
6.68333,1
6.69167,1
6.70000,1
6.70833,1
6.71667,2
6.72500,2
6.73333,2
6.74167,2
6.75000,2
6.75833,2
6.76667,1
6.77500,1
6.78333,1
6.79167,2
6.80000,2
6.80833,2
6.81667,2
6.82500,2
6.83333,2
6.84167,3
6.85000,3
6.85833,2
6.86667,2
6.87500,2
6.88333,2
6.89167,2
6.90000,2
6.90833,2
6.91667,2
6.92500,2
6.93333,2
6.94167,2
6.95000,2
6.95833,2
6.96667,2
6.97500,2
6.98333,2
6.99167,2
7.00000,2
7.00833,2
7.01667,2
7.02500,3
7.03333,3
7.04167,3
7.05000,3
7.05833,3
7.06667,3
7.07500,3
7.08333,3
7.09167,3
7.10000,3
7.10833,3
7.11667,3
7.12500,3
7.13333,3
7.14167,3
7.15000,2
7.15833,2
7.16667,1
7.17500,1
7.18333,2
7.19167,1
7.20000,1
7.20833,1
7.21667,1
7.22500,1
7.23333,2
7.24167,2
7.25000,2
7.25833,2
7.26667,2
7.27500,2
7.28333,2
7.29167,2
7.30000,3
7.30833,3
7.31667,2
7.32500,2
7.33333,2
7.34167,2
7.35000,2
7.35833,2
7.36667,2
7.37500,2
7.38333,2
7.39167,2
7.40000,2
7.40833,2
7.41667,2
7.42500,2
7.43333,2
7.44167,2
7.45000,2
7.45833,2
7.46667,2
7.47500,2
7.48333,2
7.49167,2
7.50000,3
7.50833,3
7.51667,3
7.52500,2
7.53333,2
7.54167,2
7.55000,2
7.55833,2
7.56667,2
7.57500,2
7.58333,2
7.59167,2
7.60000,2
7.60833,2
7.61667,2
7.62500,2
7.63333,2
7.64167,2
7.65000,1
7.65833,1
7.66667,2
7.67500,2
7.68333,2
7.69167,2
7.70000,2
7.70833,2
7.71667,2
7.72500,2
7.73333,2
7.74167,2
7.75000,2
7.75833,2
7.76667,2
7.77500,2
7.78333,2
7.79167,2
7.80000,2
7.80833,2
7.81667,3
7.82500,2
7.83333,2
7.84167,2
7.85000,2
7.85833,2
7.86667,2
7.87500,2
7.88333,2
7.89167,2
7.90000,2
7.90833,2
7.91667,2
7.92500,2
7.93333,2
7.94167,2
7.95000,2
7.95833,2
7.96667,2
7.97500,2
7.98333,2
7.99167,2
8.00000,2
8.00833,2
8.01667,3
8.02500,3
8.03333,3
8.04167,3
8.05000,3
8.05833,3
8.06667,3
8.07500,2
8.08333,2
8.09167,2
8.10000,2
8.10833,2
8.11667,2
8.12500,2
8.13333,2
8.14167,2
8.15000,2
8.15833,2
8.16667,2
8.17500,2
8.18333,2
8.19167,2
8.20000,2
8.20833,2
8.21667,2
8.22500,3
8.23333,3
8.24167,3
8.25000,3
8.25833,2
8.26667,2
8.27500,2
8.28333,2
8.29167,3
8.30000,3
8.30833,2
8.31667,2
8.32500,2
8.33333,2
8.34167,2
8.35000,2
8.35833,2
8.36667,2
8.37500,2
8.38333,1
8.39167,1
8.40000,1
8.40833,1
8.41667,1
8.42500,2
8.43333,2
8.44167,2
8.45000,2
8.45833,3
8.46667,3
8.47500,3
8.48333,3
8.49167,3
8.50000,3
8.50833,3
8.51667,3
8.52500,3
8.53333,3
8.54167,3
8.55000,3
8.55833,3
8.56667,3
8.57500,2
8.58333,2
8.59167,2
8.60000,2
8.60833,2
8.61667,2
8.62500,2
8.63333,2
8.64167,2
8.65000,1
8.65833,1
8.66667,1
8.67500,2
8.68333,2
8.69167,2
8.70000,2
8.70833,3
8.71667,2
8.72500,2
8.73333,2
8.74167,2
8.75000,2
8.75833,3
8.76667,3
8.77500,3
8.78333,3
8.79167,4
8.80000,4
8.80833,3
8.81667,3
8.82500,3
8.83333,2
8.84167,2
8.85000,2
8.85833,3
8.86667,3
8.87500,3
8.88333,3
8.89167,3
8.90000,3
8.90833,3
8.91667,3
8.92500,3
8.93333,3
8.94167,3
8.95000,3
8.95833,3
8.96667,3
8.97500,2
8.98333,2
8.99167,2
9.00000,2
9.00833,2
9.01667,2
9.02500,3
9.03333,3
9.04167,3
9.05000,3
9.05833,3
9.06667,3
9.07500,3
9.08333,3
9.09167,3
9.10000,3
9.10833,3
9.11667,3
9.12500,3
9.13333,3
9.14167,3
9.15000,3
9.15833,3
9.16667,3
9.17500,3
9.18333,3
9.19167,2
9.20000,3
9.20833,3
9.21667,3
9.22500,3
9.23333,3
9.24167,3
9.25000,3
9.25833,3
9.26667,3
9.27500,3
9.28333,3
9.29167,3
9.30000,2
9.30833,2
9.31667,2
9.32500,3
9.33333,3
9.34167,3
9.35000,3
9.35833,3
9.36667,3
9.37500,3
9.38333,3
9.39167,3
9.40000,2
9.40833,3
9.41667,3
9.42500,3
9.43333,2
9.44167,3
9.45000,3
9.45833,3
9.46667,3
9.47500,2
9.48333,3
9.49167,3
9.50000,3
9.50833,3
9.51667,3
9.52500,3
9.53333,2
9.54167,2
9.55000,2
9.55833,2
9.56667,2
9.57500,2
9.58333,2
9.59167,3
9.60000,3
9.60833,3
9.61667,3
9.62500,3
9.63333,3
9.64167,2
9.65000,2
9.65833,2
9.66667,2
9.67500,2
9.68333,2
9.69167,2
9.70000,2
9.70833,2
9.71667,3
9.72500,3
9.73333,3
9.74167,3
9.75000,3
9.75833,3
9.76667,3
9.77500,3
9.78333,3
9.79167,3
9.80000,3
9.80833,2
9.81667,3
9.82500,3
9.83333,3
9.84167,3
9.85000,3
9.85833,4
9.86667,4
9.87500,4
9.88333,3
9.89167,3
9.90000,3
9.90833,2
9.91667,2
9.92500,2
9.93333,2
9.94167,2
9.95000,2
9.95833,2
9.96667,2
9.97500,3
9.98333,3
9.99167,3
10.00000,3
10.00833,3
10.01667,3
10.02500,3
10.03333,3
10.04167,3
10.05000,3
10.05833,3
10.06667,3
10.07500,2
10.08333,3
10.09167,3
10.10000,3
10.10833,4
10.11667,3
10.12500,3
10.13333,3
10.14167,3
10.15000,3
10.15833,2
10.16667,2
10.17500,2
10.18333,2
10.19167,3
10.20000,3
10.20833,3
10.21667,2
10.22500,2
10.23333,2
10.24167,2
10.25000,2
10.25833,2
10.26667,2
10.27500,2
10.28333,2
10.29167,2
10.30000,2
10.30833,2
10.31667,2
10.32500,2
10.33333,3
10.34167,3
10.35000,3
10.35833,3
10.36667,3
10.37500,3
10.38333,3
10.39167,3
10.40000,3
10.40833,3
10.41667,4
10.42500,3
10.43333,3
10.44167,3
10.45000,4
10.45833,4
10.46667,4
10.47500,3
10.48333,3
10.49167,2
10.50000,2
10.50833,1
10.51667,-1
10.52500,-3
10.53333,-5
10.54167,-8
10.55000,-12
10.55833,-17
10.56667,-23
10.57500,-31
10.58333,-41
10.59167,-53
10.60000,-68
10.60833,-86
10.61667,-108
10.62500,-134
10.63333,-163
10.64167,-198
10.65000,-238
10.65833,-283
10.66667,-334
10.67500,-391
10.68333,-454
10.69167,-524
10.70000,-599
10.70833,-681
10.71667,-768
10.72500,-861
10.73333,-958
10.74167,-1060
10.75000,-1165
10.75833,-1274
10.76667,-1385
10.77500,-1496
10.78333,-1608
10.79167,-1718
10.80000,-1826
10.80833,-1932
10.81667,-2033
10.82500,-2129
10.83333,-2218
10.84167,-2301
10.85000,-2375
10.85833,-2441
10.86667,-2497
10.87500,-2542
10.88333,-2578
10.89167,-2603
10.90000,-2617
10.90833,-2621
10.91667,-2615
10.92500,-2598
10.93333,-2571
10.94167,-2534
10.95000,-2489
10.95833,-2437
10.96667,-2377
10.97500,-2312
10.98333,-2241
10.99167,-2166
11.00000,-2087
11.00833,-2005
11.01667,-1922
11.02500,-1838
11.03333,-1753
11.04167,-1668
11.05000,-1583
11.05833,-1501
11.06667,-1420
11.07500,-1341
11.08333,-1264
11.09167,-1191
11.10000,-1120
11.10833,-1053
11.11667,-988
11.12500,-927
11.13333,-869
11.14167,-815
11.15000,-763
11.15833,-715
11.16667,-670
11.17500,-627
11.18333,-588
11.19167,-550
11.20000,-515
11.20833,-483
11.21667,-452
11.22500,-424
11.23333,-398
11.24167,-373
11.25000,-350
11.25833,-329
11.26667,-309
11.27500,-291
11.28333,-274
11.29167,-258
11.30000,-244
11.30833,-230
11.31667,-216
11.32500,-204
11.33333,-192
11.34167,-181
11.35000,-172
11.35833,-163
11.36667,-154
11.37500,-146
11.38333,-139
11.39167,-132
11.40000,-126
11.40833,-119
11.41667,-113
11.42500,-107
11.43333,-102
11.44167,-98
11.45000,-93
11.45833,-89
11.46667,-85
11.47500,-81
11.48333,-77
11.49167,-74
11.50000,-71
11.50833,-67
11.51667,-64
11.52500,-61
11.53333,-59
11.54167,-56
11.55000,-54
11.55833,-52
11.56667,-50
11.57500,-48
11.58333,-45
11.59167,-43
11.60000,-41
11.60833,-39
11.61667,-38
11.62500,-36
11.63333,-35
11.64167,-33
11.65000,-32
11.65833,-31
11.66667,-31
11.67500,-30
11.68333,-29
11.69167,-28
11.70000,-27
11.70833,-26
11.71667,-25
11.72500,-23
11.73333,-22
11.74167,-21
11.75000,-20
11.75833,-20
11.76667,-19
11.77500,-19
11.78333,-19
11.79167,-18
11.80000,-18
11.80833,-18
11.81667,-17
11.82500,-16
11.83333,-16
11.84167,-16
11.85000,-15
11.85833,-15
11.86667,-15
11.87500,-14
11.88333,-14
11.89167,-14
11.90000,-13
11.90833,-13
11.91667,-13
11.92500,-13
11.93333,-12
11.94167,-12
11.95000,-12
11.95833,-11
11.96667,-11
11.97500,-11
11.98333,-11
11.99167,-11
12.00000,-11
12.00833,-11
12.01667,-11
12.02500,-10
12.03333,-9
12.04167,-9
12.05000,-9
12.05833,-8
12.06667,-8
12.07500,-9
12.08333,-9
12.09167,-9
12.10000,-8
12.10833,-8
12.11667,-8
12.12500,-8
12.13333,-7
12.14167,-7
12.15000,-7
12.15833,-6
12.16667,-6
12.17500,-6
12.18333,-6
12.19167,-6
12.20000,-6
12.20833,-6
12.21667,-5
12.22500,-5
12.23333,-5
12.24167,-4
12.25000,-4
12.25833,-4
12.26667,-4
12.27500,-4
12.28333,-4
12.29167,-4
12.30000,-4
12.30833,-4
12.31667,-4
12.32500,-4
12.33333,-4
12.34167,-3
12.35000,-3
12.35833,-3
12.36667,-3
12.37500,-3
12.38333,-3
12.39167,-2
12.40000,-2
12.40833,-2
12.41667,-2
12.42500,-1
12.43333,-1
12.44167,-1
12.45000,-1
12.45833,-1
12.46667,-1
12.47500,-1
12.48333,-1
12.49167,-2
12.50000,-1
12.50833,-1
12.51667,-1
12.52500,-1
12.53333,-1
12.54167,-1
12.55000,-1
12.55833,-1
12.56667,-1
12.57500,-1
12.58333,-0
12.59167,-0
12.60000,-0
12.60833,-0
12.61667,-0
12.62500,-0
12.63333,-0
12.64167,-0
12.65000,-1
12.65833,-1
12.66667,-1
12.67500,-1
12.68333,-1
12.69167,-1
12.70000,-1
12.70833,-1
12.71667,-1
12.72500,-1
12.73333,-1
12.74167,-1
12.75000,-1
12.75833,-1
12.76667,-1
12.77500,-1
12.78333,-1
12.79167,-0
12.80000,0
12.80833,0
12.81667,0
12.82500,0
12.83333,0
12.84167,0
12.85000,0
12.85833,0
12.86667,1
12.87500,1
12.88333,1
12.89167,1
12.90000,1
12.90833,1
12.91667,1
12.92500,1
12.93333,1
12.94167,1
12.95000,1
12.95833,1
12.96667,1
12.97500,1
12.98333,2
12.99167,2
13.00000,2
13.00833,2
13.01667,2
13.02500,2
13.03333,2
13.04167,2
13.05000,2
13.05833,2
13.06667,2
13.07500,2
13.08333,2
13.09167,2
13.10000,3
13.10833,4
13.11667,5
13.12500,6
13.13333,7
13.14167,9
13.15000,10
13.15833,13
13.16667,16
13.17500,21
13.18333,26
13.19167,33
13.20000,41
13.20833,51
13.21667,63
13.22500,77
13.23333,94
13.24167,115
13.25000,139
13.25833,167
13.26667,201
13.27500,240
13.28333,286
13.29167,339
13.30000,399
13.30833,468
13.31667,546
13.32500,633
13.33333,731
13.34167,841
13.35000,962
13.35833,1096
13.36667,1242
13.37500,1402
13.38333,1577
13.39167,1765
13.40000,1968
13.40833,2185
13.41667,2417
13.42500,2662
13.43333,2921
13.44167,3193
13.45000,3477
13.45833,3773
13.46667,4079
13.47500,4394
13.48333,4718
13.49167,5049
13.50000,5385
13.50833,5725
13.51667,6067
13.52500,6409
13.53333,6750
13.54167,7087
13.55000,7420
13.55833,7746
13.56667,8064
13.57500,8372
13.58333,8669
13.59167,8953
13.60000,9221
13.60833,9474
13.61667,9710
13.62500,9927
13.63333,10124
13.64167,10301
13.65000,10457
13.65833,10591
13.66667,10702
13.67500,10791
13.68333,10858
13.69167,10901
13.70000,10921
13.70833,10918
13.71667,10893
13.72500,10846
13.73333,10778
13.74167,10688
13.75000,10579
13.75833,10450
13.76667,10303
13.77500,10139
13.78333,9958
13.79167,9762
13.80000,9553
13.80833,9330
13.81667,9097
13.82500,8853
13.83333,8601
13.84167,8341
13.85000,8076
13.85833,7806
13.86667,7532
13.87500,7256
13.88333,6979
13.89167,6701
13.90000,6425
13.90833,6150
13.91667,5879
13.92500,5611
13.93333,5348
13.94167,5091
13.95000,4839
13.95833,4593
13.96667,4355
13.97500,4123
13.98333,3899
13.99167,3683
14.00000,3475
14.00833,3276
14.01667,3085
14.02500,2902
14.03333,2728
14.04167,2562
14.05000,2404
14.05833,2255
14.06667,2114
14.07500,1980
14.08333,1853
14.09167,1734
14.10000,1622
14.10833,1517
14.11667,1418
14.12500,1326
14.13333,1239
14.14167,1158
14.15000,1083
14.15833,1013
14.16667,948
14.17500,887
14.18333,830
14.19167,778
14.20000,729
14.20833,683
14.21667,641
14.22500,602
14.23333,565
14.24167,532
14.25000,501
14.25833,471
14.26667,444
14.27500,420
14.28333,397
14.29167,376
14.30000,357
14.30833,338
14.31667,321
14.32500,305
14.33333,291
14.34167,278
14.35000,265
14.35833,254
14.36667,243
14.37500,233
14.38333,223
14.39167,214
14.40000,206
14.40833,198
14.41667,190
14.42500,183
14.43333,177
14.44167,171
14.45000,165
14.45833,160
14.46667,155
14.47500,150
14.48333,146
14.49167,141
14.50000,138
14.50833,134
14.51667,130
14.52500,127
14.53333,123
14.54167,120
14.55000,117
14.55833,114
14.56667,112
14.57500,109
14.58333,106
14.59167,104
14.60000,101
14.60833,99
14.61667,97
14.62500,95
14.63333,93
14.64167,91
14.65000,89
14.65833,88
14.66667,86
14.67500,85
14.68333,84
14.69167,82
14.70000,81
14.70833,80
14.71667,79
14.72500,77
14.73333,76
14.74167,75
14.75000,74
14.75833,73
14.76667,71
14.77500,70
14.78333,69
14.79167,68
14.80000,67
14.80833,66
14.81667,65
14.82500,65
14.83333,64
14.84167,63
14.85000,62
14.85833,61
14.86667,61
14.87500,60
14.88333,59
14.89167,58
14.90000,58
14.90833,58
14.91667,58
14.92500,57
14.93333,56
14.94167,55
14.95000,54
14.95833,54
14.96667,53
14.97500,53
14.98333,52
14.99167,52
15.00000,51
15.00833,51
15.01667,51
15.02500,50
15.03333,50
15.04167,50
15.05000,50
15.05833,50
15.06667,49
15.07500,48
15.08333,48
15.09167,47
15.10000,46
15.10833,46
15.11667,45
15.12500,45
15.13333,45
15.14167,45
15.15000,44
15.15833,44
15.16667,44
15.17500,44
15.18333,43
15.19167,43
15.20000,43
15.20833,43
15.21667,43
15.22500,43
15.23333,43
15.24167,43
15.25000,44
15.25833,44
15.26667,45
15.27500,46
15.28333,47
15.29167,49
15.30000,51
15.30833,54
15.31667,57
15.32500,61
15.33333,65
15.34167,71
15.35000,77
15.35833,84
15.36667,91
15.37500,99
15.38333,109
15.39167,120
15.40000,132
15.40833,145
15.41667,160
15.42500,176
15.43333,192
15.44167,211
15.45000,231
15.45833,253
15.46667,276
15.47500,300
15.48333,326
15.49167,353
15.50000,381
15.50833,410
15.51667,441
15.52500,472
15.53333,504
15.54167,537
15.55000,571
15.55833,605
15.56667,639
15.57500,673
15.58333,706
15.59167,740
15.60000,773
15.60833,806
15.61667,838
15.62500,869
15.63333,900
15.64167,929
15.65000,957
15.65833,984
15.66667,1009
15.67500,1033
15.68333,1055
15.69167,1075
15.70000,1093
15.70833,1110
15.71667,1124
15.72500,1136
15.73333,1147
15.74167,1155
15.75000,1161
15.75833,1164
15.76667,1166
15.77500,1166
15.78333,1163
15.79167,1159
15.80000,1152
15.80833,1143
15.81667,1133
15.82500,1121
15.83333,1107
15.84167,1091
15.85000,1074
15.85833,1055
15.86667,1034
15.87500,1011
15.88333,988
15.89167,963
15.90000,938
15.90833,912
15.91667,884
15.92500,857
15.93333,829
15.94167,800
15.95000,772
15.95833,743
15.96667,714
15.97500,685
15.98333,656
15.99167,627
16.00000,599
16.00833,572
16.01667,545
16.02500,519
16.03333,494
16.04167,469
16.05000,444
16.05833,421
16.06667,398
16.07500,376
16.08333,355
16.09167,335
16.10000,316
16.10833,297
16.11667,280
16.12500,263
16.13333,247
16.14167,233
16.15000,219
16.15833,206
16.16667,193
16.17500,182
16.18333,171
16.19167,161
16.20000,151
16.20833,142
16.21667,134
16.22500,126
16.23333,118
16.24167,111
16.25000,105
16.25833,99
16.26667,94
16.27500,89
16.28333,84
16.29167,80
16.30000,76
16.30833,72
16.31667,69
16.32500,66
16.33333,63
16.34167,60
16.35000,58
16.35833,56
16.36667,53
16.37500,51
16.38333,50
16.39167,48
16.40000,46
16.40833,45
16.41667,43
16.42500,43
16.43333,42
16.44167,41
16.45000,40
16.45833,39
16.46667,37
16.47500,36
16.48333,35
16.49167,35
16.50000,34
16.50833,33
16.51667,33
16.52500,33
16.53333,32
16.54167,32
16.55000,31
16.55833,30
16.56667,30
16.57500,29
16.58333,28
16.59167,28
16.60000,28
16.60833,28
16.61667,27
16.62500,27
16.63333,27
16.64167,27
16.65000,26
16.65833,26
16.66667,25
16.67500,25
16.68333,25
16.69167,24
16.70000,24
16.70833,23
16.71667,23
16.72500,23
16.73333,23
16.74167,22
16.75000,22
16.75833,22
16.76667,21
16.77500,21
16.78333,21
16.79167,21
16.80000,20
16.80833,20
16.81667,20
16.82500,20
16.83333,20
16.84167,21
16.85000,21
16.85833,21
16.86667,21
16.87500,21
16.88333,20
16.89167,20
16.90000,20
16.90833,20
16.91667,19
16.92500,19
16.93333,19
16.94167,19
16.95000,19
16.95833,19
16.96667,19
16.97500,18
16.98333,18
16.99167,18
17.00000,18
17.00833,18
17.01667,18
17.02500,18
17.03333,18
17.04167,18
17.05000,18
17.05833,18
17.06667,18
17.07500,17
17.08333,17
17.09167,17
17.10000,17
17.10833,17
17.11667,16
17.12500,16
17.13333,16
17.14167,16
17.15000,15
17.15833,16
17.16667,16
17.17500,16
17.18333,16
17.19167,16
17.20000,16
17.20833,16
17.21667,16
17.22500,16
17.23333,15
17.24167,15
17.25000,15
17.25833,15
17.26667,15
17.27500,15
17.28333,14
17.29167,14
17.30000,14
17.30833,14
17.31667,14
17.32500,14
17.33333,14
17.34167,14
17.35000,14
17.35833,14
17.36667,15
17.37500,15
17.38333,15
17.39167,14
17.40000,15
17.40833,14
17.41667,14
17.42500,14
17.43333,14
17.44167,14
17.45000,13
17.45833,13
17.46667,13
17.47500,13
17.48333,13
17.49167,13
17.50000,13
17.50833,13
17.51667,13
17.52500,13
17.53333,13
17.54167,13
17.55000,13
17.55833,13
17.56667,13
17.57500,12
17.58333,12
17.59167,12
17.60000,13
17.60833,12
17.61667,12
17.62500,12
17.63333,12
17.64167,12
17.65000,12
17.65833,12
17.66667,12
17.67500,12
17.68333,12
17.69167,12
17.70000,12
17.70833,12
17.71667,12
17.72500,12
17.73333,12
17.74167,12
17.75000,12
17.75833,11
17.76667,11
17.77500,11
17.78333,11
17.79167,11
17.80000,11
17.80833,11
17.81667,11
17.82500,11
17.83333,11
17.84167,11
17.85000,11
17.85833,11
17.86667,11
17.87500,11
17.88333,11
17.89167,11
17.90000,11
17.90833,11
17.91667,11
17.92500,11
17.93333,12
17.94167,12
17.95000,12
17.95833,12
17.96667,11
17.97500,11
17.98333,11
17.99167,11
18.00000,11
18.00833,11
18.01667,11
18.02500,11
18.03333,12
18.04167,12
18.05000,12
18.05833,12
18.06667,12
18.07500,12
18.08333,12
18.09167,11
18.10000,11
18.10833,12
18.11667,12
18.12500,12
18.13333,12
18.14167,12
18.15000,12
18.15833,12
18.16667,12
18.17500,12
18.18333,12
18.19167,11
18.20000,11
18.20833,11
18.21667,11
18.22500,11
18.23333,11
18.24167,11
18.25000,11
18.25833,11
18.26667,11
18.27500,11
18.28333,11
18.29167,11
18.30000,11
18.30833,11
18.31667,11
18.32500,11
18.33333,12
18.34167,13
18.35000,13
18.35833,12
18.36667,12
18.37500,12
18.38333,12
18.39167,12
18.40000,12
18.40833,12
18.41667,12
18.42500,13
18.43333,12
18.44167,12
18.45000,12
18.45833,12
18.46667,12
18.47500,12
18.48333,12
18.49167,13
18.50000,12
18.50833,13
18.51667,13
18.52500,13
18.53333,13
18.54167,13
18.55000,13
18.55833,13
18.56667,13
18.57500,13
18.58333,12
18.59167,12
18.60000,12
18.60833,12
18.61667,12
18.62500,12
18.63333,13
18.64167,13
18.65000,13
18.65833,13
18.66667,13
18.67500,13
18.68333,13
18.69167,13
18.70000,13
18.70833,13
18.71667,13
18.72500,12
18.73333,13
18.74167,13
18.75000,12
18.75833,12
18.76667,12
18.77500,12
18.78333,12
18.79167,12
18.80000,12
18.80833,12
18.81667,12
18.82500,12
18.83333,12
18.84167,12
18.85000,12
18.85833,12
18.86667,12
18.87500,12
18.88333,12
18.89167,13
18.90000,13
18.90833,13
18.91667,13
18.92500,13
18.93333,13
18.94167,13
18.95000,13
18.95833,13
18.96667,13
18.97500,13
18.98333,13
18.99167,13
19.00000,13
19.00833,13
19.01667,13
19.02500,13
19.03333,13
19.04167,13
19.05000,13
19.05833,13
19.06667,13
19.07500,13
19.08333,13
19.09167,13
19.10000,13
19.10833,13
19.11667,13
19.12500,13
19.13333,12
19.14167,12
19.15000,12
19.15833,12
19.16667,12
19.17500,12
19.18333,12
19.19167,11
19.20000,11
19.20833,11
19.21667,11
19.22500,11
19.23333,11
19.24167,12
19.25000,12
19.25833,12
19.26667,12
19.27500,12
19.28333,12
19.29167,12
19.30000,12
19.30833,12
19.31667,12
19.32500,12
19.33333,12
19.34167,12
19.35000,12
19.35833,12
19.36667,12
19.37500,12
19.38333,12
19.39167,12
19.40000,13
19.40833,13
19.41667,13
19.42500,13
19.43333,13
19.44167,13
19.45000,13
19.45833,13
19.46667,12
19.47500,12
19.48333,12
19.49167,12
19.50000,12
19.50833,12
19.51667,12
19.52500,12
19.53333,12
19.54167,12
19.55000,12
19.55833,12
19.56667,12
19.57500,12
19.58333,12
19.59167,12
19.60000,12
19.60833,12
19.61667,12
19.62500,12
19.63333,12
19.64167,12
19.65000,12
19.65833,12
19.66667,12
19.67500,12
19.68333,12
19.69167,12
19.70000,12
19.70833,12
19.71667,11
19.72500,11
19.73333,11
19.74167,12
19.75000,12
19.75833,11
19.76667,11
19.77500,11
19.78333,11
19.79167,11
19.80000,12
19.80833,12
19.81667,12
19.82500,12
19.83333,12
19.84167,11
19.85000,11
19.85833,10
19.86667,10
19.87500,10
19.88333,10
19.89167,10
19.90000,10
19.90833,10
19.91667,10
19.92500,11
19.93333,10
19.94167,10
19.95000,10
19.95833,10
19.96667,10
19.97500,11
19.98333,11
19.99167,11
20.00000,11
20.00833,11
20.01667,11
20.02500,11
20.03333,11
20.04167,12
20.05000,11
20.05833,11
20.06667,11
20.07500,11
20.08333,11
20.09167,11
20.10000,11
20.10833,11
20.11667,11
20.12500,11
20.13333,11
20.14167,11
20.15000,11
20.15833,11
20.16667,11
20.17500,11
20.18333,11
20.19167,11
20.20000,11
20.20833,12
20.21667,12
20.22500,12
20.23333,11
20.24167,11
20.25000,10
20.25833,10
20.26667,10
20.27500,10
20.28333,10
20.29167,10
20.30000,10
20.30833,10
20.31667,10
20.32500,10
20.33333,10
20.34167,10
20.35000,10
20.35833,10
20.36667,10
20.37500,10
20.38333,10
20.39167,10
20.40000,10
20.40833,10
20.41667,10
20.42500,10
20.43333,10
20.44167,10
20.45000,10
20.45833,10
20.46667,11
20.47500,11
20.48333,11
20.49167,11
20.50000,11
20.50833,11
20.51667,10
20.52500,11
20.53333,11
20.54167,11
20.55000,11
20.55833,10
20.56667,10
20.57500,11
20.58333,11
20.59167,11
20.60000,11
20.60833,11
20.61667,11
20.62500,12
20.63333,12
20.64167,12
20.65000,12
20.65833,12
20.66667,11
20.67500,11
20.68333,11
20.69167,10
20.70000,10
20.70833,10
20.71667,10
20.72500,11
20.73333,11
20.74167,11
20.75000,11
20.75833,10
20.76667,10
20.77500,10
20.78333,10
20.79167,10
20.80000,10
20.80833,11
20.81667,11
20.82500,11
20.83333,11
20.84167,11
20.85000,11
20.85833,11
20.86667,11
20.87500,11
20.88333,11
20.89167,11
20.90000,11
20.90833,11
20.91667,11
20.92500,10
20.93333,10
20.94167,10
20.95000,9
20.95833,9
20.96667,10
20.97500,10
20.98333,11
20.99167,11
21.00000,11
21.00833,11
21.01667,11
21.02500,11
21.03333,11
21.04167,10
21.05000,10
21.05833,10
21.06667,10
21.07500,10
21.08333,10
21.09167,10
21.10000,10
21.10833,10
21.11667,9
21.12500,10
21.13333,10
21.14167,10
21.15000,10
21.15833,11
21.16667,11
21.17500,11
21.18333,11
21.19167,11
21.20000,11
21.20833,11
21.21667,10
21.22500,10
21.23333,10
21.24167,10
21.25000,10
21.25833,10
21.26667,9
21.27500,9
21.28333,9
21.29167,9
21.30000,9
21.30833,9
21.31667,9
21.32500,9
21.33333,10
21.34167,10
21.35000,10
21.35833,10
21.36667,10
21.37500,10
21.38333,10
21.39167,9
21.40000,9
21.40833,9
21.41667,9
21.42500,10
21.43333,10
21.44167,10
21.45000,10
21.45833,10
21.46667,10
21.47500,10
21.48333,10
21.49167,10
21.50000,10
21.50833,10
21.51667,10
21.52500,9
21.53333,9
21.54167,9
21.55000,9
21.55833,10
21.56667,10
21.57500,10
21.58333,10
21.59167,10
21.60000,10
21.60833,10
21.61667,10
21.62500,10
21.63333,10
21.64167,10
21.65000,10
21.65833,10
21.66667,10
21.67500,11
21.68333,10
21.69167,10
21.70000,10
21.70833,10
21.71667,10
21.72500,10
21.73333,10
21.74167,9
21.75000,9
21.75833,9
21.76667,9
21.77500,10
21.78333,10
21.79167,10
21.80000,10
21.80833,10
21.81667,10
21.82500,10
21.83333,10
21.84167,10
21.85000,10
21.85833,10
21.86667,11
21.87500,11
21.88333,11
21.89167,11
21.90000,11
21.90833,11
21.91667,11
21.92500,11
21.93333,11
21.94167,11
21.95000,11
21.95833,11
21.96667,11
21.97500,11
21.98333,10
21.99167,10
22.00000,10
22.00833,11
22.01667,11
22.02500,11
22.03333,11
22.04167,11
22.05000,11
22.05833,11
22.06667,11
22.07500,11
22.08333,11
22.09167,11
22.10000,11
22.10833,11
22.11667,11
22.12500,11
22.13333,10
22.14167,10
22.15000,10
22.15833,11
22.16667,11
22.17500,11
22.18333,11
22.19167,11
22.20000,11
22.20833,11
22.21667,11
22.22500,11
22.23333,11
22.24167,11
22.25000,10
22.25833,10
22.26667,10
22.27500,10
22.28333,10
22.29167,10
22.30000,10
22.30833,10
22.31667,9
22.32500,9
22.33333,10
22.34167,10
22.35000,10
22.35833,10
22.36667,10
22.37500,10
22.38333,10
22.39167,11
22.40000,11
22.40833,11
22.41667,10
22.42500,10
22.43333,10
22.44167,9
22.45000,10
22.45833,10
22.46667,10
22.47500,10
22.48333,10
22.49167,10
22.50000,10
22.50833,10
22.51667,10
22.52500,10
22.53333,10
22.54167,10
22.55000,10
22.55833,10
22.56667,10
22.57500,10
22.58333,10
22.59167,10
22.60000,10
22.60833,11
22.61667,11
22.62500,11
22.63333,11
22.64167,11
22.65000,12
22.65833,12
22.66667,13
22.67500,13
22.68333,13
22.69167,13
22.70000,13
22.70833,12
22.71667,12
22.72500,12
22.73333,12
22.74167,12
22.75000,12
22.75833,12
22.76667,12
22.77500,13
22.78333,12
22.79167,13
22.80000,13
22.80833,13
22.81667,13
22.82500,13
22.83333,13
22.84167,13
22.85000,14
22.85833,14
22.86667,14
22.87500,14
22.88333,14
22.89167,14
22.90000,14
22.90833,14
22.91667,14
22.92500,14
22.93333,15
22.94167,14
22.95000,14
22.95833,14
22.96667,14
22.97500,14
22.98333,15
22.99167,14
23.00000,15
23.00833,15
23.01667,15
23.02500,14
23.03333,14
23.04167,14
23.05000,14
23.05833,14
23.06667,15
23.07500,15
23.08333,15
23.09167,15
23.10000,15
23.10833,15
23.11667,15
23.12500,14
23.13333,15
23.14167,15
23.15000,15
23.15833,15
23.16667,15
23.17500,15
23.18333,15
23.19167,15
23.20000,15
23.20833,15
23.21667,14
23.22500,14
23.23333,14
23.24167,14
23.25000,14
23.25833,14
23.26667,14
23.27500,14
23.28333,14
23.29167,14
23.30000,14
23.30833,14
23.31667,13
23.32500,13
23.33333,13
23.34167,12
23.35000,12
23.35833,12
23.36667,12
23.37500,12
23.38333,12
23.39167,12
23.40000,12
23.40833,12
23.41667,12
23.42500,11
23.43333,11
23.44167,11
23.45000,12
23.45833,12
23.46667,12
23.47500,12
23.48333,12
23.49167,11
23.50000,11
23.50833,11
23.51667,11
23.52500,11
23.53333,11
23.54167,12
23.55000,12
23.55833,11
23.56667,11
23.57500,11
23.58333,11
23.59167,11
23.60000,11
23.60833,11
23.61667,11
23.62500,11
23.63333,11
23.64167,11
23.65000,11
23.65833,11
23.66667,11
23.67500,10
23.68333,11
23.69167,11
23.70000,11
23.70833,10
23.71667,10
23.72500,11
23.73333,11
23.74167,11
23.75000,11
23.75833,11
23.76667,11
23.77500,11
23.78333,11
23.79167,11
23.80000,11
23.80833,11
23.81667,11
23.82500,11
23.83333,11
23.84167,11
23.85000,11
23.85833,11
23.86667,11
23.87500,11
23.88333,10
23.89167,10
23.90000,10
23.90833,10
23.91667,10
23.92500,11
23.93333,11
23.94167,11
23.95000,11
23.95833,10
23.96667,10
23.97500,10
23.98333,11
23.99167,10
24.00000,10
24.00833,10
24.01667,10
24.02500,10
24.03333,10
24.04167,10
24.05000,10
24.05833,10
24.06667,10
24.07500,10
24.08333,10
24.09167,11
24.10000,11
24.10833,10
24.11667,10
24.12500,10
24.13333,10
24.14167,10
24.15000,10
24.15833,10
24.16667,10
24.17500,10
24.18333,10
24.19167,10
24.20000,10
24.20833,11
24.21667,11
24.22500,11
24.23333,10
24.24167,10
24.25000,10
24.25833,10
24.26667,10
24.27500,10
24.28333,11
24.29167,11
24.30000,11
24.30833,11
24.31667,11
24.32500,11
24.33333,12
24.34167,12
24.35000,12
24.35833,12
24.36667,12
24.37500,12
24.38333,12
24.39167,12
24.40000,12
24.40833,12
24.41667,12
24.42500,12
24.43333,12
24.44167,12
24.45000,12
24.45833,13
24.46667,13
24.47500,13
24.48333,13
24.49167,13
24.50000,13
24.50833,14
24.51667,14
24.52500,14
24.53333,14
24.54167,14
24.55000,13
24.55833,13
24.56667,13
24.57500,14
24.58333,14
24.59167,14
24.60000,14
24.60833,14
24.61667,14
24.62500,14
24.63333,14
24.64167,15
24.65000,15
24.65833,16
24.66667,16
24.67500,16
24.68333,16
24.69167,17
24.70000,17
24.70833,17
24.71667,17
24.72500,17
24.73333,17
24.74167,17
24.75000,17
24.75833,17
24.76667,17
24.77500,17
24.78333,17
24.79167,17
24.80000,17
24.80833,18
24.81667,18
24.82500,18
24.83333,18
24.84167,18
24.85000,18
24.85833,18
24.86667,18
24.87500,18
24.88333,18
24.89167,18
24.90000,18
24.90833,18
24.91667,18
24.92500,19
24.93333,19
24.94167,19
24.95000,19
24.95833,19
24.96667,19
24.97500,19
24.98333,18
24.99167,18
25.00000,18
25.00833,18
25.01667,18
25.02500,18
25.03333,19
25.04167,18
25.05000,18
25.05833,17
25.06667,17
25.07500,17
25.08333,16
25.09167,16
25.10000,16
25.10833,16
25.11667,16
25.12500,16
25.13333,17
25.14167,17
25.15000,17
25.15833,16
25.16667,16
25.17500,15
25.18333,15
25.19167,14
25.20000,14
25.20833,14
25.21667,14
25.22500,14
25.23333,14
25.24167,14
25.25000,14
25.25833,14
25.26667,13
25.27500,13
25.28333,13
25.29167,13
25.30000,13
25.30833,13
25.31667,13
25.32500,13
25.33333,13
25.34167,13
25.35000,13
25.35833,13
25.36667,12
25.37500,12
25.38333,12
25.39167,12
25.40000,12
25.40833,12
25.41667,12
25.42500,12
25.43333,12
25.44167,12
25.45000,12
25.45833,12
25.46667,12
25.47500,12
25.48333,12
25.49167,11
25.50000,11
25.50833,11
25.51667,11
25.52500,11
25.53333,11
25.54167,11
25.55000,11
25.55833,11
25.56667,11
25.57500,12
25.58333,12
25.59167,12
25.60000,12
25.60833,12
25.61667,12
25.62500,12
25.63333,11
25.64167,11
25.65000,11
25.65833,12
25.66667,12
25.67500,11
25.68333,11
25.69167,11
25.70000,11
25.70833,12
25.71667,12
25.72500,12
25.73333,12
25.74167,11
25.75000,11
25.75833,11
25.76667,11
25.77500,11
25.78333,10
25.79167,11
25.80000,11
25.80833,11
25.81667,12
25.82500,12
25.83333,12
25.84167,12
25.85000,12
25.85833,11
25.86667,11
25.87500,11
25.88333,11
25.89167,11
25.90000,11
25.90833,11
25.91667,11
25.92500,11
25.93333,11
25.94167,11
25.95000,11
25.95833,11
25.96667,11
25.97500,11
25.98333,11
25.99167,11
26.00000,11
26.00833,11
26.01667,11
26.02500,11
26.03333,11
26.04167,11
26.05000,12
26.05833,12
26.06667,12
26.07500,12
26.08333,12
26.09167,12
26.10000,12
26.10833,11
26.11667,11
26.12500,12
26.13333,12
26.14167,12
26.15000,12
26.15833,12
26.16667,12
26.17500,12
26.18333,12
26.19167,12
26.20000,12
26.20833,12
26.21667,12
26.22500,12
26.23333,12
26.24167,12
26.25000,12
26.25833,12
26.26667,12
26.27500,12
26.28333,12
26.29167,12
26.30000,12
26.30833,12
26.31667,12
26.32500,13
26.33333,13
26.34167,13
26.35000,13
26.35833,13
26.36667,13
26.37500,13
26.38333,13
26.39167,13
26.40000,13
26.40833,14
26.41667,14
26.42500,13
26.43333,13
26.44167,12
26.45000,12
26.45833,12
26.46667,12
26.47500,12
26.48333,12
26.49167,12
26.50000,12
26.50833,12
26.51667,12
26.52500,12
26.53333,12
26.54167,12
26.55000,12
26.55833,12
26.56667,11
26.57500,11
26.58333,11
26.59167,11
26.60000,11
26.60833,11
26.61667,11
26.62500,11
26.63333,11
26.64167,11
26.65000,11
26.65833,11
26.66667,12
26.67500,12
26.68333,11
26.69167,11
26.70000,11
26.70833,10
26.71667,10
26.72500,9
26.73333,9
26.74167,8
26.75000,7
26.75833,7
26.76667,7
26.77500,7
26.78333,7
26.79167,6
26.80000,6
26.80833,5
26.81667,4
26.82500,4
26.83333,3
26.84167,3
26.85000,2
26.85833,2
26.86667,1
26.87500,-0
26.88333,-1
26.89167,-2
26.90000,-2
26.90833,-3
26.91667,-4
26.92500,-5
26.93333,-6
26.94167,-7
26.95000,-8
26.95833,-10
26.96667,-11
26.97500,-12
26.98333,-13
26.99167,-14
27.00000,-16
27.00833,-17
27.01667,-18
27.02500,-19
27.03333,-21
27.04167,-22
27.05000,-23
27.05833,-24
27.06667,-26
27.07500,-27
27.08333,-29
27.09167,-30
27.10000,-31
27.10833,-32
27.11667,-34
27.12500,-35
27.13333,-37
27.14167,-38
27.15000,-40
27.15833,-41
27.16667,-43
27.17500,-44
27.18333,-46
27.19167,-47
27.20000,-48
27.20833,-49
27.21667,-51
27.22500,-52
27.23333,-53
27.24167,-55
27.25000,-56
27.25833,-57
27.26667,-58
27.27500,-59
27.28333,-60
27.29167,-61
27.30000,-62
27.30833,-63
27.31667,-64
27.32500,-65
27.33333,-65
27.34167,-66
27.35000,-67
27.35833,-68
27.36667,-68
27.37500,-69
27.38333,-69
27.39167,-69
27.40000,-69
27.40833,-69
27.41667,-69
27.42500,-69
27.43333,-69
27.44167,-69
27.45000,-69
27.45833,-69
27.46667,-68
27.47500,-68
27.48333,-68
27.49167,-67
27.50000,-66
27.50833,-65
27.51667,-65
27.52500,-64
27.53333,-63
27.54167,-63
27.55000,-62
27.55833,-61
27.56667,-60
27.57500,-59
27.58333,-58
27.59167,-57
27.60000,-55
27.60833,-54
27.61667,-53
27.62500,-51
27.63333,-50
27.64167,-49
27.65000,-49
27.65833,-48
27.66667,-46
27.67500,-44
27.68333,-43
27.69167,-42
27.70000,-41
27.70833,-40
27.71667,-38
27.72500,-37
27.73333,-36
27.74167,-35
27.75000,-34
27.75833,-32
27.76667,-31
27.77500,-30
27.78333,-29
27.79167,-27
27.80000,-26
27.80833,-25
27.81667,-24
27.82500,-23
27.83333,-21
27.84167,-20
27.85000,-19
27.85833,-18
27.86667,-17
27.87500,-16
27.88333,-15
27.89167,-14
27.90000,-14
27.90833,-13
27.91667,-12
27.92500,-11
27.93333,-10
27.94167,-10
27.95000,-9
27.95833,-8
27.96667,-7
27.97500,-6
27.98333,-6
27.99167,-6
28.00000,-5
28.00833,-5
28.01667,-4
28.02500,-4
28.03333,-3
28.04167,-3
28.05000,-2
28.05833,-2
28.06667,-1
28.07500,-1
28.08333,-0
28.09167,0
28.10000,0
28.10833,1
28.11667,1
28.12500,1
28.13333,1
28.14167,1
28.15000,2
28.15833,2
28.16667,1
28.17500,1
28.18333,1
28.19167,2
28.20000,2
28.20833,2
28.21667,2
28.22500,3
28.23333,3
28.24167,3
28.25000,4
28.25833,4
28.26667,4
28.27500,4
28.28333,4
28.29167,4
28.30000,5
28.30833,5
28.31667,5
28.32500,5
28.33333,5
28.34167,5
28.35000,5
28.35833,5
28.36667,5
28.37500,5
28.38333,5
28.39167,5
28.40000,5
28.40833,5
28.41667,5
28.42500,5
28.43333,4
28.44167,4
28.45000,4
28.45833,4
28.46667,4
28.47500,4
28.48333,4
28.49167,4
28.50000,4
28.50833,4
28.51667,4
28.52500,3
28.53333,3
28.54167,2
28.55000,2
28.55833,1
28.56667,1
28.57500,1
28.58333,0
28.59167,-0
28.60000,-0
28.60833,-1
28.61667,-1
28.62500,-1
28.63333,-2
28.64167,-2
28.65000,-3
28.65833,-3
28.66667,-3
28.67500,-3
28.68333,-4
28.69167,-4
28.70000,-5
28.70833,-6
28.71667,-6
28.72500,-6
28.73333,-7
28.74167,-7
28.75000,-8
28.75833,-8
28.76667,-8
28.77500,-9
28.78333,-10
28.79167,-10
28.80000,-10
28.80833,-11
28.81667,-11
28.82500,-12
28.83333,-12
28.84167,-12
28.85000,-13
28.85833,-13
28.86667,-13
28.87500,-14
28.88333,-14
28.89167,-14
28.90000,-15
28.90833,-15
28.91667,-15
28.92500,-16
28.93333,-17
28.94167,-17
28.95000,-17
28.95833,-18
28.96667,-19
28.97500,-19
28.98333,-19
28.99167,-19
29.00000,-19
29.00833,-20
29.01667,-20
29.02500,-21
29.03333,-21
29.04167,-21
29.05000,-21
29.05833,-21
29.06667,-22
29.07500,-22
29.08333,-22
29.09167,-22
29.10000,-22
29.10833,-22
29.11667,-22
29.12500,-23
29.13333,-23
29.14167,-23
29.15000,-22
29.15833,-22
29.16667,-21
29.17500,-21
29.18333,-21
29.19167,-20
29.20000,-20
29.20833,-20
29.21667,-20
29.22500,-19
29.23333,-19
29.24167,-19
29.25000,-19
29.25833,-18
29.26667,-18
29.27500,-18
29.28333,-18
29.29167,-18
29.30000,-17
29.30833,-17
29.31667,-16
29.32500,-16
29.33333,-16
29.34167,-16
29.35000,-15
29.35833,-15
29.36667,-14
29.37500,-14
29.38333,-13
29.39167,-12
29.40000,-12
29.40833,-11
29.41667,-10
29.42500,-10
29.43333,-9
29.44167,-8
29.45000,-8
29.45833,-8
29.46667,-7
29.47500,-7
29.48333,-6
29.49167,-6
29.50000,-5
29.50833,-5
29.51667,-4
29.52500,-4
29.53333,-3
29.54167,-3
29.55000,-2
29.55833,-2
29.56667,-2
29.57500,-1
29.58333,-1
29.59167,-1
29.60000,-1
29.60833,-0
29.61667,-0
29.62500,0
29.63333,0
29.64167,1
29.65000,1
29.65833,2
29.66667,2
29.67500,2
29.68333,2
29.69167,2
29.70000,3
29.70833,3
29.71667,4
29.72500,4
29.73333,4
29.74167,4
29.75000,4
29.75833,4
29.76667,4
29.77500,5
29.78333,5
29.79167,5
29.80000,5
29.80833,5
29.81667,5
29.82500,5
29.83333,6
29.84167,6
29.85000,6
29.85833,6
29.86667,6
29.87500,6
29.88333,7
29.89167,7
29.90000,7
29.90833,7
29.91667,7
29.92500,8
29.93333,8
29.94167,8
29.95000,8
29.95833,8
29.96667,8
29.97500,9
29.98333,9
29.99167,9
30.00000,9
30.00833,8
30.01667,8
30.02500,8
30.03333,8
30.04167,8
30.05000,8
30.05833,8
30.06667,8
30.07500,8
30.08333,8
30.09167,8
30.10000,8
30.10833,8
30.11667,8
30.12500,8
30.13333,8
30.14167,8
30.15000,8
30.15833,8
30.16667,8
30.17500,9
30.18333,9
30.19167,9
30.20000,10
30.20833,10
30.21667,9
30.22500,9
30.23333,9
30.24167,9
30.25000,9
30.25833,9
30.26667,9
30.27500,9
30.28333,9
30.29167,9
30.30000,9
30.30833,9
30.31667,9
30.32500,9
30.33333,9
30.34167,10
30.35000,9
30.35833,10
30.36667,10
30.37500,10
30.38333,10
30.39167,10
30.40000,10
30.40833,10
30.41667,10
30.42500,10
30.43333,10
30.44167,11
30.45000,11
30.45833,11
30.46667,11
30.47500,11
30.48333,11
30.49167,11
30.50000,11
30.50833,11
30.51667,11
30.52500,10
30.53333,10
30.54167,11
30.55000,11
30.55833,11
30.56667,11
30.57500,11
30.58333,10
30.59167,11
30.60000,11
30.60833,11
30.61667,11
30.62500,10
30.63333,10
30.64167,10
30.65000,10
30.65833,10
30.66667,11
30.67500,11
30.68333,11
30.69167,11
30.70000,11
30.70833,10
30.71667,10
30.72500,10
30.73333,10
30.74167,10
30.75000,10
30.75833,11
30.76667,11
30.77500,11
30.78333,11
30.79167,11
30.80000,10
30.80833,10
30.81667,10
30.82500,11
30.83333,11
30.84167,11
30.85000,11
30.85833,10
30.86667,10
30.87500,10
30.88333,10
30.89167,10
30.90000,10
30.90833,10
30.91667,10
30.92500,10
30.93333,10
30.94167,10
30.95000,11
30.95833,11
30.96667,11
30.97500,11
30.98333,11
30.99167,10
31.00000,11
31.00833,11
31.01667,11
31.02500,11
31.03333,11
31.04167,11
31.05000,11
31.05833,10
31.06667,10
31.07500,10
31.08333,10
31.09167,10
31.10000,10
31.10833,10
31.11667,11
31.12500,11
31.13333,11
31.14167,11
31.15000,11
31.15833,11
31.16667,11
31.17500,11
31.18333,11
31.19167,11
31.20000,11
31.20833,11
31.21667,11
31.22500,11
31.23333,11
31.24167,11
31.25000,11
31.25833,11
31.26667,12
31.27500,12
31.28333,12
31.29167,12
31.30000,12
31.30833,12
31.31667,12
31.32500,12
31.33333,12
31.34167,12
31.35000,12
31.35833,12
31.36667,12
31.37500,12
31.38333,12
31.39167,12
31.40000,12
31.40833,13
31.41667,13
31.42500,13
31.43333,13
31.44167,13
31.45000,13
31.45833,13
31.46667,13
31.47500,13
31.48333,13
31.49167,13
31.50000,13
31.50833,13
31.51667,13
31.52500,13
31.53333,13
31.54167,13
31.55000,13
31.55833,13
31.56667,13
31.57500,13
31.58333,13
31.59167,13
31.60000,13
31.60833,13
31.61667,13
31.62500,13
31.63333,13
31.64167,13
31.65000,13
31.65833,14
31.66667,14
31.67500,14
31.68333,13
31.69167,13
31.70000,13
31.70833,12
31.71667,12
31.72500,12
31.73333,13
31.74167,13
31.75000,13
31.75833,13
31.76667,13
31.77500,13
31.78333,13
31.79167,12
31.80000,12
31.80833,12
31.81667,12
31.82500,12
31.83333,12
31.84167,12
31.85000,12
31.85833,12
31.86667,12
31.87500,12
31.88333,12
31.89167,12
31.90000,12
31.90833,12
31.91667,12
31.92500,12
31.93333,12
31.94167,12
31.95000,12
31.95833,12
31.96667,12
31.97500,12
31.98333,12
31.99167,12
32.00000,12
32.00833,12
32.01667,12
32.02500,12
32.03333,13
32.04167,13
32.05000,13
32.05833,13
32.06667,13
32.07500,12
32.08333,12
32.09167,12
32.10000,12
32.10833,12
32.11667,12
32.12500,12
32.13333,12
32.14167,12
32.15000,12
32.15833,12
32.16667,12
32.17500,13
32.18333,13
32.19167,13
32.20000,13
32.20833,12
32.21667,12
32.22500,12
32.23333,12
32.24167,12
32.25000,11
32.25833,12
32.26667,12
32.27500,12
32.28333,12
32.29167,12
32.30000,12
32.30833,12
32.31667,12
32.32500,12
32.33333,12
32.34167,13
32.35000,13
32.35833,13
32.36667,13
32.37500,13
32.38333,13
32.39167,14
32.40000,14
32.40833,13
32.41667,13
32.42500,13
32.43333,13
32.44167,13
32.45000,13
32.45833,12
32.46667,12
32.47500,12
32.48333,13
32.49167,13
32.50000,13
32.50833,13
32.51667,12
32.52500,12
32.53333,11
32.54167,12
32.55000,12
32.55833,12
32.56667,12
32.57500,13
32.58333,13
32.59167,12
32.60000,12
32.60833,12
32.61667,12
32.62500,12
32.63333,12
32.64167,11
32.65000,11
32.65833,11
32.66667,11
32.67500,11
32.68333,12
32.69167,12
32.70000,12
32.70833,12
32.71667,12
32.72500,12
32.73333,12
32.74167,12
32.75000,12
32.75833,12
32.76667,12
32.77500,11
32.78333,11
32.79167,11
32.80000,10
32.80833,11
32.81667,11
32.82500,10
32.83333,10
32.84167,10
32.85000,10
32.85833,10
32.86667,10
32.87500,10
32.88333,10
32.89167,10
32.90000,10
32.90833,10
32.91667,10
32.92500,10
32.93333,10
32.94167,10
32.95000,10
32.95833,10
32.96667,10
32.97500,10
32.98333,10
32.99167,10
33.00000,9
33.00833,9
33.01667,9
33.02500,9
33.03333,9
33.04167,9
33.05000,9
33.05833,9
33.06667,9
33.07500,9
33.08333,9
33.09167,9
33.10000,9
33.10833,9
33.11667,9
33.12500,9
33.13333,9
33.14167,9
33.15000,9
33.15833,9
33.16667,9
33.17500,9
33.18333,9
33.19167,9
33.20000,9
33.20833,9
33.21667,9
33.22500,9
33.23333,9
33.24167,9
33.25000,9
33.25833,9
33.26667,10
33.27500,10
33.28333,10
33.29167,10
33.30000,10
33.30833,10
33.31667,10
33.32500,10
33.33333,10
33.34167,10
33.35000,10
33.35833,10
33.36667,10
33.37500,10
33.38333,9
33.39167,9
33.40000,10
33.40833,10
33.41667,10
33.42500,10
33.43333,9
33.44167,9
33.45000,10
33.45833,10
33.46667,10
33.47500,10
33.48333,10
33.49167,10
33.50000,10
33.50833,10
33.51667,10
33.52500,10
33.53333,10
33.54167,11
33.55000,11
33.55833,11
33.56667,11
33.57500,11
33.58333,11
33.59167,11
33.60000,12
33.60833,12
33.61667,12
33.62500,11
33.63333,11
33.64167,11
33.65000,11
33.65833,11
33.66667,11
33.67500,11
33.68333,12
33.69167,12
33.70000,12
33.70833,12
33.71667,12
33.72500,12
33.73333,12
33.74167,12
33.75000,12
33.75833,12
33.76667,12
33.77500,12
33.78333,12
33.79167,12
33.80000,12
33.80833,12
33.81667,12
33.82500,12
33.83333,12
33.84167,12
33.85000,12
33.85833,12
33.86667,12
33.87500,12
33.88333,12
33.89167,12
33.90000,12
33.90833,12
33.91667,12
33.92500,12
33.93333,12
33.94167,12
33.95000,12
33.95833,12
33.96667,12
33.97500,12
33.98333,12
33.99167,12
34.00000,12
34.00833,12
34.01667,12
34.02500,12
34.03333,12
34.04167,12
34.05000,12
34.05833,13
34.06667,13
34.07500,13
34.08333,12
34.09167,12
34.10000,12
34.10833,12
34.11667,12
34.12500,12
34.13333,12
34.14167,12
34.15000,12
34.15833,12
34.16667,12
34.17500,12
34.18333,12
34.19167,12
34.20000,13
34.20833,13
34.21667,12
34.22500,12
34.23333,11
34.24167,11
34.25000,11
34.25833,12
34.26667,12
34.27500,12
34.28333,13
34.29167,13
34.30000,13
34.30833,13
34.31667,13
34.32500,13
34.33333,14
34.34167,14
34.35000,13
34.35833,13
34.36667,12
34.37500,12
34.38333,12
34.39167,12
34.40000,12
34.40833,13
34.41667,13
34.42500,13
34.43333,13
34.44167,13
34.45000,13
34.45833,13
34.46667,13
34.47500,13
34.48333,13
34.49167,13
34.50000,13
34.50833,12
34.51667,12
34.52500,12
34.53333,12
34.54167,12
34.55000,12
34.55833,12
34.56667,12
34.57500,13
34.58333,13
34.59167,13
34.60000,12
34.60833,12
34.61667,12
34.62500,12
34.63333,12
34.64167,12
34.65000,12
34.65833,12
34.66667,13
34.67500,13
34.68333,13
34.69167,13
34.70000,13
34.70833,13
34.71667,13
34.72500,13
34.73333,13
34.74167,13
34.75000,13
34.75833,13
34.76667,13
34.77500,13
34.78333,13
34.79167,13
34.80000,13
34.80833,12
34.81667,12
34.82500,12
34.83333,12
34.84167,12
34.85000,12
34.85833,12
34.86667,13
34.87500,13
34.88333,13
34.89167,13
34.90000,13
34.90833,13
34.91667,13
34.92500,13
34.93333,13
34.94167,13
34.95000,14
34.95833,14
34.96667,14
34.97500,13
34.98333,13
34.99167,13
35.00000,13
35.00833,13
35.01667,13
35.02500,13
35.03333,13
35.04167,14
35.05000,14
35.05833,14
35.06667,14
35.07500,14
35.08333,13
35.09167,13
35.10000,13
35.10833,13
35.11667,13
35.12500,13
35.13333,13
35.14167,13
35.15000,13
35.15833,13
35.16667,13
35.17500,13
35.18333,13
35.19167,13
35.20000,13
35.20833,13
35.21667,13
35.22500,13
35.23333,13
35.24167,14
35.25000,14
35.25833,13
35.26667,13
35.27500,13
35.28333,13
35.29167,13
35.30000,13
35.30833,13
35.31667,13
35.32500,13
35.33333,13
35.34167,13
35.35000,13
35.35833,13
35.36667,13
35.37500,13
35.38333,13
35.39167,14
35.40000,14
35.40833,14
35.41667,14
35.42500,14
35.43333,14
35.44167,14
35.45000,14
35.45833,14
35.46667,14
35.47500,14
35.48333,14
35.49167,14
35.50000,14
35.50833,14
35.51667,14
35.52500,14
35.53333,14
35.54167,14
35.55000,13
35.55833,14
35.56667,14
35.57500,14
35.58333,14
35.59167,14
35.60000,15
35.60833,15
35.61667,15
35.62500,15
35.63333,14
35.64167,14
35.65000,14
35.65833,14
35.66667,14
35.67500,13
35.68333,13
35.69167,13
35.70000,14
35.70833,14
35.71667,14
35.72500,14
35.73333,13
35.74167,13
35.75000,13
35.75833,13
35.76667,13
35.77500,14
35.78333,14
35.79167,14
35.80000,14
35.80833,14
35.81667,14
35.82500,14
35.83333,14
35.84167,14
35.85000,13
35.85833,13
35.86667,13
35.87500,13
35.88333,13
35.89167,13
35.90000,13
35.90833,13
35.91667,13
35.92500,14
35.93333,14
35.94167,14
35.95000,14
35.95833,14
35.96667,14
35.97500,14
35.98333,14
35.99167,14
36.00000,14
36.00833,14
36.01667,15
36.02500,15
36.03333,15
36.04167,15
36.05000,14
36.05833,14
36.06667,14
36.07500,14
36.08333,13
36.09167,13
36.10000,13
36.10833,13
36.11667,13
36.12500,13
36.13333,13
36.14167,13
36.15000,13
36.15833,13
36.16667,13
36.17500,14
36.18333,14
36.19167,14
36.20000,14
36.20833,14
36.21667,14
36.22500,14
36.23333,14
36.24167,14
36.25000,14
36.25833,14
36.26667,14
36.27500,14
36.28333,14
36.29167,14
36.30000,14
36.30833,14
36.31667,14
36.32500,14
36.33333,15
36.34167,15
36.35000,15
36.35833,15
36.36667,15
36.37500,16
36.38333,16
36.39167,16
36.40000,16
36.40833,16
36.41667,16
36.42500,16
36.43333,16
36.44167,16
36.45000,16
36.45833,16
36.46667,16
36.47500,16
36.48333,16
36.49167,16
36.50000,16
36.50833,16
36.51667,16
36.52500,16
36.53333,16
36.54167,16
36.55000,16
36.55833,16
36.56667,16
36.57500,16
36.58333,16
36.59167,16
36.60000,16
36.60833,16
36.61667,16
36.62500,16
36.63333,17
36.64167,17
36.65000,17
36.65833,17
36.66667,17
36.67500,18
36.68333,17
36.69167,17
36.70000,17
36.70833,18
36.71667,18
36.72500,18
36.73333,18
36.74167,18
36.75000,18
36.75833,18
36.76667,18
36.77500,18
36.78333,18
36.79167,18
36.80000,18
36.80833,18
36.81667,18
36.82500,18
36.83333,18
36.84167,18
36.85000,18
36.85833,18
36.86667,18
36.87500,19
36.88333,19
36.89167,19
36.90000,19
36.90833,19
36.91667,19
36.92500,18
36.93333,18
36.94167,18
36.95000,19
36.95833,19
36.96667,19
36.97500,19
36.98333,19
36.99167,19
37.00000,19
37.00833,19
37.01667,19
37.02500,19
37.03333,19
37.04167,19
37.05000,20
37.05833,20
37.06667,20
37.07500,20
37.08333,20
37.09167,20
37.10000,20
37.10833,20
37.11667,20
37.12500,20
37.13333,20
37.14167,20
37.15000,20
37.15833,20
37.16667,19
37.17500,19
37.18333,19
37.19167,19
37.20000,20
37.20833,20
37.21667,20
37.22500,20
37.23333,21
37.24167,21
37.25000,21
37.25833,21
37.26667,21
37.27500,21
37.28333,21
37.29167,21
37.30000,21
37.30833,21
37.31667,21
37.32500,21
37.33333,21
37.34167,21
37.35000,20
37.35833,20
37.36667,20
37.37500,20
37.38333,21
37.39167,21
37.40000,21
37.40833,21
37.41667,21
37.42500,20
37.43333,20
37.44167,20
37.45000,20
37.45833,20
37.46667,20
37.47500,19
37.48333,19
37.49167,19
37.50000,20
37.50833,20
37.51667,20
37.52500,20
37.53333,20
37.54167,20
37.55000,20
37.55833,20
37.56667,20
37.57500,19
37.58333,19
37.59167,19
37.60000,19
37.60833,20
37.61667,20
37.62500,19
37.63333,20
37.64167,20
37.65000,19
37.65833,19
37.66667,19
37.67500,19
37.68333,19
37.69167,19
37.70000,19
37.70833,20
37.71667,20
37.72500,20
37.73333,20
37.74167,20
37.75000,20
37.75833,19
37.76667,19
37.77500,19
37.78333,19
37.79167,19
37.80000,19
37.80833,19
37.81667,19
37.82500,19
37.83333,19
37.84167,19
37.85000,19
37.85833,19
37.86667,19
37.87500,18
37.88333,18
37.89167,18
37.90000,18
37.90833,18
37.91667,18
37.92500,18
37.93333,19
37.94167,19
37.95000,18
37.95833,18
37.96667,18
37.97500,18
37.98333,18
37.99167,18
38.00000,18
38.00833,17
38.01667,17
38.02500,17
38.03333,18
38.04167,18
38.05000,18
38.05833,18
38.06667,18
38.07500,18
38.08333,18
38.09167,18
38.10000,18
38.10833,18
38.11667,18
38.12500,17
38.13333,17
38.14167,17
38.15000,17
38.15833,17
38.16667,17
38.17500,17
38.18333,17
38.19167,17
38.20000,17
38.20833,16
38.21667,16
38.22500,16
38.23333,16
38.24167,16
38.25000,16
38.25833,16
38.26667,15
38.27500,15
38.28333,15
38.29167,15
38.30000,15
38.30833,15
38.31667,15
38.32500,15
38.33333,15
38.34167,15
38.35000,15
38.35833,15
38.36667,15
38.37500,15
38.38333,14
38.39167,14
38.40000,14
38.40833,14
38.41667,14
38.42500,14
38.43333,14
38.44167,14
38.45000,14
38.45833,14
38.46667,13
38.47500,14
38.48333,14
38.49167,13
38.50000,13
38.50833,13
38.51667,14
38.52500,14
38.53333,14
38.54167,14
38.55000,14
38.55833,14
38.56667,14
38.57500,15
38.58333,15
38.59167,14
38.60000,14
38.60833,13
38.61667,13
38.62500,13
38.63333,14
38.64167,14
38.65000,14
38.65833,14
38.66667,14
38.67500,14
38.68333,14
38.69167,13
38.70000,13
38.70833,13
38.71667,13
38.72500,13
38.73333,13
38.74167,13
38.75000,13
38.75833,13
38.76667,13
38.77500,13
38.78333,13
38.79167,13
38.80000,13
38.80833,13
38.81667,13
38.82500,13
38.83333,13
38.84167,13
38.85000,13
38.85833,13
38.86667,14
38.87500,14
38.88333,13
38.89167,13
38.90000,13
38.90833,12
38.91667,12
38.92500,12
38.93333,12
38.94167,12
38.95000,12
38.95833,13
38.96667,12
38.97500,12
38.98333,12
38.99167,12
39.00000,12
39.00833,12
39.01667,12
39.02500,12
39.03333,12
39.04167,12
39.05000,12
39.05833,12
39.06667,12
39.07500,12
39.08333,12
39.09167,13
39.10000,13
39.10833,13
39.11667,13
39.12500,13
39.13333,13
39.14167,12
39.15000,12
39.15833,12
39.16667,12
39.17500,12
39.18333,13
39.19167,13
39.20000,13
39.20833,13
39.21667,12
39.22500,12
39.23333,12
39.24167,12
39.25000,12
39.25833,12
39.26667,12
39.27500,12
39.28333,12
39.29167,12
39.30000,12
39.30833,12
39.31667,12
39.32500,11
39.33333,12
39.34167,12
39.35000,12
39.35833,12
39.36667,11
39.37500,12
39.38333,12
39.39167,12
39.40000,12
39.40833,12
39.41667,12
39.42500,12
39.43333,12
39.44167,13
39.45000,12
39.45833,12
39.46667,12
39.47500,12
39.48333,12
39.49167,12
39.50000,12
39.50833,12
39.51667,12
39.52500,12
39.53333,12
39.54167,11
39.55000,11
39.55833,11
39.56667,12
39.57500,12
39.58333,11
39.59167,11
39.60000,12
39.60833,12
39.61667,12
39.62500,12
39.63333,12
39.64167,12
39.65000,12
39.65833,12
39.66667,12
39.67500,12
39.68333,12
39.69167,12
39.70000,12
39.70833,11
39.71667,11
39.72500,11
39.73333,11
39.74167,12
39.75000,12
39.75833,12
39.76667,12
39.77500,12
39.78333,12
39.79167,12
39.80000,11
39.80833,12
39.81667,12
39.82500,12
39.83333,12
39.84167,12
39.85000,12
39.85833,12
39.86667,13
39.87500,13
39.88333,13
39.89167,13
39.90000,12
39.90833,12
39.91667,12
39.92500,12
39.93333,12
39.94167,12
39.95000,12
39.95833,12
39.96667,12
39.97500,12
39.98333,12
39.99167,12
40.00000,12
40.00833,12
40.01667,12
40.02500,13
40.03333,13
40.04167,12
40.05000,12
40.05833,12
40.06667,12
40.07500,12
40.08333,12
40.09167,12
40.10000,12
40.10833,12
40.11667,12
40.12500,12
40.13333,12
40.14167,13
40.15000,13
40.15833,12
40.16667,12
40.17500,12
40.18333,12
40.19167,12
40.20000,12
40.20833,12
40.21667,12
40.22500,12
40.23333,12
40.24167,12
40.25000,12
40.25833,12
40.26667,11
40.27500,11
40.28333,11
40.29167,11
40.30000,11
40.30833,11
40.31667,11
40.32500,12
40.33333,12
40.34167,12
40.35000,12
40.35833,12
40.36667,12
40.37500,12
40.38333,12
40.39167,12
40.40000,13
40.40833,13
40.41667,13
40.42500,13
40.43333,12
40.44167,12
40.45000,12
40.45833,12
40.46667,12
40.47500,12
40.48333,12
40.49167,12
40.50000,11
40.50833,11
40.51667,11
40.52500,11
40.53333,12
40.54167,12
40.55000,12
40.55833,12
40.56667,12
40.57500,12
40.58333,12
40.59167,12
40.60000,11
40.60833,11
40.61667,11
40.62500,11
40.63333,12
40.64167,12
40.65000,12
40.65833,12
40.66667,12
40.67500,12
40.68333,12
40.69167,12
40.70000,12
40.70833,12
40.71667,12
40.72500,12
40.73333,12
40.74167,12
40.75000,12
40.75833,12
40.76667,12
40.77500,12
40.78333,12
40.79167,12
40.80000,12
40.80833,12
40.81667,12
40.82500,11
40.83333,11
40.84167,11
40.85000,11
40.85833,11
40.86667,12
40.87500,12
40.88333,12
40.89167,12
40.90000,12
40.90833,12
40.91667,12
40.92500,13
40.93333,13
40.94167,13
40.95000,13
40.95833,12
40.96667,12
40.97500,12
40.98333,12
40.99167,12
41.00000,12
41.00833,12
41.01667,12
41.02500,12
41.03333,12
41.04167,12
41.05000,12
41.05833,12
41.06667,12
41.07500,12
41.08333,12
41.09167,12
41.10000,12
41.10833,12
41.11667,12
41.12500,12
41.13333,12
41.14167,13
41.15000,13
41.15833,13
41.16667,13
41.17500,13
41.18333,13
41.19167,13
41.20000,13
41.20833,13
41.21667,13
41.22500,12
41.23333,12
41.24167,12
41.25000,13
41.25833,13
41.26667,13
41.27500,13
41.28333,13
41.29167,13
41.30000,13
41.30833,13
41.31667,13
41.32500,13
41.33333,13
41.34167,12
41.35000,13
41.35833,13
41.36667,13
41.37500,14
41.38333,14
41.39167,13
41.40000,13
41.40833,12
41.41667,12
41.42500,12
41.43333,12
41.44167,12
41.45000,12
41.45833,13
41.46667,12
41.47500,12
41.48333,12
41.49167,12
41.50000,13
41.50833,13
41.51667,13
41.52500,13
41.53333,13
41.54167,13
41.55000,12
41.55833,12
41.56667,12
41.57500,12
41.58333,12
41.59167,12
41.60000,12
41.60833,12
41.61667,12
41.62500,12
41.63333,12
41.64167,12
41.65000,12
41.65833,12
41.66667,12
41.67500,13
41.68333,13
41.69167,13
41.70000,13
41.70833,13
41.71667,13
41.72500,13
41.73333,13
41.74167,12
41.75000,12
41.75833,12
41.76667,12
41.77500,13
41.78333,13
41.79167,13
41.80000,13
41.80833,13
41.81667,13
41.82500,13
41.83333,13
41.84167,13
41.85000,13
41.85833,13
41.86667,13
41.87500,14
41.88333,14
41.89167,14
41.90000,14
41.90833,14
41.91667,14
41.92500,14
41.93333,14
41.94167,14
41.95000,14
41.95833,14
41.96667,13
41.97500,13
41.98333,13
41.99167,13
42.00000,13
42.00833,13
42.01667,13
42.02500,13
42.03333,13
42.04167,13
42.05000,13
42.05833,13
42.06667,13
42.07500,14
42.08333,14
42.09167,13
42.10000,13
42.10833,13
42.11667,13
42.12500,13
42.13333,13
42.14167,14
42.15000,14
42.15833,13
42.16667,13
42.17500,14
42.18333,13
42.19167,13
42.20000,13
42.20833,14
42.21667,14
42.22500,14
42.23333,14
42.24167,14
42.25000,14
42.25833,14
42.26667,15
42.27500,15
42.28333,15
42.29167,15
42.30000,14
42.30833,14
42.31667,14
42.32500,14
42.33333,14
42.34167,14
42.35000,13
42.35833,13
42.36667,13
42.37500,13
42.38333,13
42.39167,13
42.40000,13
42.40833,13
42.41667,13
42.42500,13
42.43333,13
42.44167,13
42.45000,13
42.45833,13
42.46667,13
42.47500,13
42.48333,13
42.49167,13
42.50000,14
42.50833,14
42.51667,14
42.52500,14
42.53333,14
42.54167,14
42.55000,14
42.55833,14
42.56667,15
42.57500,15
42.58333,14
42.59167,14
42.60000,14
42.60833,14
42.61667,14
42.62500,14
42.63333,14
42.64167,14
42.65000,14
42.65833,14
42.66667,14
42.67500,14
42.68333,14
42.69167,14
42.70000,14
42.70833,14
42.71667,13
42.72500,13
42.73333,13
42.74167,14
42.75000,14
42.75833,14
42.76667,14
42.77500,14
42.78333,14
42.79167,14
42.80000,14
42.80833,14
42.81667,14
42.82500,14
42.83333,14
42.84167,14
42.85000,13
42.85833,13
42.86667,13
42.87500,13
42.88333,13
42.89167,13
42.90000,14
42.90833,14
42.91667,14
42.92500,14
42.93333,14
42.94167,14
42.95000,14
42.95833,14
42.96667,14
42.97500,14
42.98333,14
42.99167,14
43.00000,14
43.00833,14
43.01667,15
43.02500,15
43.03333,15
43.04167,15
43.05000,14
43.05833,14
43.06667,14
43.07500,14
43.08333,14
43.09167,15
43.10000,14
43.10833,14
43.11667,14
43.12500,14
43.13333,14
43.14167,14
43.15000,14
43.15833,14
43.16667,14
43.17500,14
43.18333,14
43.19167,14
43.20000,14
43.20833,14
43.21667,14
43.22500,14
43.23333,14
43.24167,14
43.25000,14
43.25833,14
43.26667,14
43.27500,14
43.28333,14
43.29167,14
43.30000,14
43.30833,14
43.31667,14
43.32500,14
43.33333,14
43.34167,14
43.35000,14
43.35833,14
43.36667,14
43.37500,13
43.38333,13
43.39167,13
43.40000,13
43.40833,13
43.41667,13
43.42500,14
43.43333,14
43.44167,14
43.45000,14
43.45833,13
43.46667,13
43.47500,14
43.48333,14
43.49167,14
43.50000,14
43.50833,14
43.51667,14
43.52500,14
43.53333,14
43.54167,14
43.55000,14
43.55833,14
43.56667,14
43.57500,14
43.58333,14
43.59167,15
43.60000,15
43.60833,15
43.61667,15
43.62500,14
43.63333,14
43.64167,14
43.65000,14
43.65833,14
43.66667,14
43.67500,14
43.68333,14
43.69167,14
43.70000,14
43.70833,14
43.71667,14
43.72500,13
43.73333,14
43.74167,14
43.75000,14
43.75833,14
43.76667,14
43.77500,14
43.78333,15
43.79167,15
43.80000,15
43.80833,15
43.81667,15
43.82500,15
43.83333,15
43.84167,15
43.85000,15
43.85833,15
43.86667,15
43.87500,15
43.88333,15
43.89167,15
43.90000,15
43.90833,15
43.91667,15
43.92500,15
43.93333,15
43.94167,15
43.95000,15
43.95833,15
43.96667,15
43.97500,15
43.98333,16
43.99167,16
44.00000,15
44.00833,15
44.01667,15
44.02500,15
44.03333,15
44.04167,15
44.05000,15
44.05833,15
44.06667,14
44.07500,14
44.08333,14
44.09167,14
44.10000,14
44.10833,15
44.11667,15
44.12500,15
44.13333,15
44.14167,15
44.15000,14
44.15833,14
44.16667,14
44.17500,15
44.18333,15
44.19167,15
44.20000,15
44.20833,15
44.21667,15
44.22500,15
44.23333,15
44.24167,15
44.25000,15
44.25833,15
44.26667,15
44.27500,14
44.28333,14
44.29167,14
44.30000,14
44.30833,14
44.31667,14
44.32500,14
44.33333,14
44.34167,14
44.35000,15
44.35833,15
44.36667,15
44.37500,15
44.38333,15
44.39167,15
44.40000,15
44.40833,15
44.41667,14
44.42500,14
44.43333,14
44.44167,14
44.45000,14
44.45833,14
44.46667,14
44.47500,14
44.48333,14
44.49167,14
44.50000,14
44.50833,15
44.51667,15
44.52500,15
44.53333,15
44.54167,15
44.55000,15
44.55833,15
44.56667,15
44.57500,15
44.58333,15
44.59167,15
44.60000,14
44.60833,15
44.61667,15
44.62500,15
44.63333,15
44.64167,15
44.65000,15
44.65833,15
44.66667,15
44.67500,14
44.68333,14
44.69167,15
44.70000,14
44.70833,14
44.71667,14
44.72500,14
44.73333,14
44.74167,14
44.75000,14
44.75833,14
44.76667,15
44.77500,15
44.78333,15
44.79167,15
44.80000,15
44.80833,15
44.81667,15
44.82500,15
44.83333,15
44.84167,14
44.85000,15
44.85833,15
44.86667,15
44.87500,15
44.88333,15
44.89167,15
44.90000,15
44.90833,15
44.91667,15
44.92500,15
44.93333,15
44.94167,15
44.95000,15
44.95833,15
44.96667,15
44.97500,15
44.98333,15
44.99167,15
45.00000,15
45.00833,15
45.01667,15
45.02500,15
45.03333,15
45.04167,15
45.05000,15
45.05833,15
45.06667,15
45.07500,15
45.08333,15
45.09167,15
45.10000,15
45.10833,15
45.11667,15
45.12500,15
45.13333,15
45.14167,14
45.15000,14
45.15833,14
45.16667,14
45.17500,14
45.18333,15
45.19167,15
45.20000,15
45.20833,14
45.21667,15
45.22500,15
45.23333,15
45.24167,16
45.25000,16
45.25833,16
45.26667,16
45.27500,16
45.28333,16
45.29167,16
45.30000,16
45.30833,16
45.31667,16
45.32500,16
45.33333,15
45.34167,15
45.35000,16
45.35833,16
45.36667,16
45.37500,16
45.38333,16
45.39167,16
45.40000,17
45.40833,17
45.41667,16
45.42500,16
45.43333,16
45.44167,16
45.45000,16
45.45833,16
45.46667,16
45.47500,16
45.48333,16
45.49167,16
45.50000,16
45.50833,16
45.51667,16
45.52500,16
45.53333,15
45.54167,15
45.55000,15
45.55833,15
45.56667,14
45.57500,14
45.58333,15
45.59167,15
45.60000,15
45.60833,15
45.61667,15
45.62500,15
45.63333,15
45.64167,15
45.65000,15
45.65833,15
45.66667,15
45.67500,15
45.68333,15
45.69167,15
45.70000,15
45.70833,15
45.71667,15
45.72500,14
45.73333,14
45.74167,14
45.75000,14
45.75833,14
45.76667,14
45.77500,14
45.78333,14
45.79167,15
45.80000,15
45.80833,15
45.81667,15
45.82500,15
45.83333,15
45.84167,15
45.85000,15
45.85833,16
45.86667,16
45.87500,16
45.88333,15
45.89167,15
45.90000,15
45.90833,15
45.91667,15
45.92500,15
45.93333,15
45.94167,15
45.95000,15
45.95833,15
45.96667,15
45.97500,16
45.98333,16
45.99167,16
46.00000,16
46.00833,16
46.01667,15
46.02500,16
46.03333,15
46.04167,15
46.05000,15
46.05833,15
46.06667,15
46.07500,16
46.08333,16
46.09167,16
46.10000,16
46.10833,15
46.11667,15
46.12500,15
46.13333,15
46.14167,15
46.15000,15
46.15833,15
46.16667,15
46.17500,15
46.18333,15
46.19167,15
46.20000,15
46.20833,15
46.21667,15
46.22500,16
46.23333,15
46.24167,15
46.25000,15
46.25833,15
46.26667,15
46.27500,15
46.28333,15
46.29167,15
46.30000,15
46.30833,15
46.31667,14
46.32500,15
46.33333,15
46.34167,15
46.35000,15
46.35833,16
46.36667,16
46.37500,16
46.38333,15
46.39167,15
46.40000,15
46.40833,15
46.41667,15
46.42500,15
46.43333,15
46.44167,15
46.45000,15
46.45833,15
46.46667,14
46.47500,14
46.48333,14
46.49167,14
46.50000,15
46.50833,15
46.51667,14
46.52500,14
46.53333,14
46.54167,14
46.55000,14
46.55833,15
46.56667,15
46.57500,15
46.58333,16
46.59167,16
46.60000,16
46.60833,16
46.61667,16
46.62500,16
46.63333,16
46.64167,15
46.65000,15
46.65833,15
46.66667,15
46.67500,15
46.68333,15
46.69167,15
46.70000,15
46.70833,15
46.71667,15
46.72500,15
46.73333,15
46.74167,15
46.75000,15
46.75833,15
46.76667,16
46.77500,15
46.78333,15
46.79167,15
46.80000,15
46.80833,15
46.81667,14
46.82500,14
46.83333,14
46.84167,14
46.85000,14
46.85833,14
46.86667,14
46.87500,14
46.88333,14
46.89167,14
46.90000,14
46.90833,15
46.91667,15
46.92500,15
46.93333,15
46.94167,15
46.95000,15
46.95833,15
46.96667,14
46.97500,14
46.98333,15
46.99167,15
47.00000,15
47.00833,15
47.01667,15
47.02500,16
47.03333,16
47.04167,16
47.05000,16
47.05833,16
47.06667,16
47.07500,16
47.08333,15
47.09167,15
47.10000,14
47.10833,14
47.11667,14
47.12500,14
47.13333,14
47.14167,14
47.15000,14
47.15833,14
47.16667,14
47.17500,14
47.18333,15
47.19167,15
47.20000,15
47.20833,15
47.21667,16
47.22500,16
47.23333,16
47.24167,15
47.25000,15
47.25833,15
47.26667,15
47.27500,15
47.28333,14
47.29167,14
47.30000,14
47.30833,14
47.31667,14
47.32500,14
47.33333,15
47.34167,15
47.35000,14
47.35833,15
47.36667,15
47.37500,15
47.38333,15
47.39167,15
47.40000,15
47.40833,16
47.41667,16
47.42500,16
47.43333,16
47.44167,16
47.45000,16
47.45833,16
47.46667,16
47.47500,15
47.48333,15
47.49167,15
47.50000,15
47.50833,15
47.51667,15
47.52500,16
47.53333,16
47.54167,16
47.55000,16
47.55833,15
47.56667,15
47.57500,15
47.58333,15
47.59167,14
47.60000,14
47.60833,15
47.61667,15
47.62500,14
47.63333,14
47.64167,14
47.65000,14
47.65833,15
47.66667,15
47.67500,15
47.68333,15
47.69167,15
47.70000,14
47.70833,14
47.71667,14
47.72500,14
47.73333,14
47.74167,14
47.75000,14
47.75833,15
47.76667,15
47.77500,15
47.78333,15
47.79167,15
47.80000,15
47.80833,15
47.81667,15
47.82500,15
47.83333,15
47.84167,15
47.85000,15
47.85833,15
47.86667,15
47.87500,15
47.88333,15
47.89167,15
47.90000,15
47.90833,15
47.91667,15
47.92500,15
47.93333,15
47.94167,15
47.95000,15
47.95833,15
47.96667,15
47.97500,15
47.98333,15
47.99167,15
48.00000,15
48.00833,15
48.01667,15
48.02500,15
48.03333,15
48.04167,15
48.05000,15
48.05833,15
48.06667,15
48.07500,15
48.08333,15
48.09167,15
48.10000,16
48.10833,16
48.11667,16
48.12500,15
48.13333,15
48.14167,15
48.15000,15
48.15833,15
48.16667,15
48.17500,15
48.18333,15
48.19167,15
48.20000,15
48.20833,14
48.21667,14
48.22500,14
48.23333,14
48.24167,15
48.25000,15
48.25833,15
48.26667,15
48.27500,15
48.28333,15
48.29167,15
48.30000,15
48.30833,15
48.31667,15
48.32500,16
48.33333,16
48.34167,16
48.35000,16
48.35833,15
48.36667,15
48.37500,15
48.38333,15
48.39167,14
48.40000,14
48.40833,14
48.41667,14
48.42500,14
48.43333,15
48.44167,15
48.45000,15
48.45833,15
48.46667,15
48.47500,15
48.48333,16
48.49167,16
48.50000,15
48.50833,15
48.51667,15
48.52500,15
48.53333,15
48.54167,15
48.55000,15
48.55833,15
48.56667,16
48.57500,16
48.58333,16
48.59167,16
48.60000,16
48.60833,16
48.61667,15
48.62500,15
48.63333,15
48.64167,15
48.65000,15
48.65833,15
48.66667,15
48.67500,15
48.68333,15
48.69167,15
48.70000,15
48.70833,15
48.71667,15
48.72500,14
48.73333,15
48.74167,15
48.75000,15
48.75833,15
48.76667,15
48.77500,15
48.78333,15
48.79167,15
48.80000,15
48.80833,15
48.81667,16
48.82500,16
48.83333,16
48.84167,16
48.85000,16
48.85833,16
48.86667,16
48.87500,16
48.88333,15
48.89167,15
48.90000,15
48.90833,15
48.91667,15
48.92500,15
48.93333,15
48.94167,15
48.95000,15
48.95833,15
48.96667,15
48.97500,15
48.98333,15
48.99167,15
49.00000,15
49.00833,15
49.01667,15
49.02500,15
49.03333,15
49.04167,15
49.05000,15
49.05833,15
49.06667,14
49.07500,15
49.08333,15
49.09167,14
49.10000,14
49.10833,14
49.11667,14
49.12500,15
49.13333,15
49.14167,15
49.15000,15
49.15833,15
49.16667,15
49.17500,15
49.18333,15
49.19167,15
49.20000,16
49.20833,16
49.21667,16
49.22500,16
49.23333,16
49.24167,16
49.25000,16
49.25833,16
49.26667,16
49.27500,15
49.28333,15
49.29167,15
49.30000,15
49.30833,15
49.31667,15
49.32500,15
49.33333,15
49.34167,14
49.35000,14
49.35833,14
49.36667,14
49.37500,14
49.38333,14
49.39167,15
49.40000,15
49.40833,15
49.41667,15
49.42500,15
49.43333,15
49.44167,15
49.45000,15
49.45833,14
49.46667,14
49.47500,14
49.48333,15
49.49167,15
49.50000,15
49.50833,15
49.51667,15
49.52500,15
49.53333,15
49.54167,15
49.55000,15
49.55833,15
49.56667,15
49.57500,15
49.58333,15
49.59167,15
49.60000,15
49.60833,14
49.61667,14
49.62500,14
49.63333,14
49.64167,14
49.65000,14
49.65833,14
49.66667,14
49.67500,14
49.68333,14
49.69167,14
49.70000,14
49.70833,13
49.71667,13
49.72500,13
49.73333,13
49.74167,14
49.75000,14
49.75833,15
49.76667,14
49.77500,14
49.78333,14
49.79167,14
49.80000,14
49.80833,14
49.81667,14
49.82500,14
49.83333,14
49.84167,13
49.85000,13
49.85833,13
49.86667,13
49.87500,13
49.88333,13
49.89167,13
49.90000,14
49.90833,14
49.91667,14
49.92500,14
49.93333,14
49.94167,14
49.95000,14
49.95833,14
49.96667,14
49.97500,14
49.98333,14
49.99167,14
50.00000,14