time,signal
0.0,936
0.00833,936
0.01667,807
0.025,814
0.03333,822
0.04167,830
0.05,837
0.05833,845
0.06667,853
0.075,860
0.08333,868
0.09167,875
0.1,883
0.10833,891
0.11667,899
0.125,907
0.13333,915
0.14167,923
0.15,930
0.15833,938
0.16667,946
0.175,954
0.18333,962
0.19167,970
0.2,978
0.20833,986
0.21667,994
0.225,1002
0.23333,1009
0.24167,1017
0.25,1025
0.25833,1032
0.26667,1040
0.275,1047
0.28333,1054
0.29167,1062
0.3,1069
0.30833,1076
0.31667,1083
0.325,1090
0.33333,1097
0.34167,1104
0.35,1112
0.35833,1119
0.36667,1126
0.375,1134
0.38333,1141
0.39167,1148
0.4,1155
0.40833,1161
0.41667,1168
0.425,1174
0.43333,1180
0.44167,1186
0.45,1192
0.45833,1199
0.46667,1205
0.475,1211
0.48333,1217
0.49167,1223
0.5,1228
0.50833,1234
0.51667,1239
0.525,1244
0.53333,1249
0.54167,1255
0.55,1260
0.55833,1265
0.56667,1270
0.575,1276
0.58333,1280
0.59167,1285
0.6,1289
0.60833,1294
0.61667,1298
0.625,1303
0.63333,1307
0.64167,1311
0.65,1315
0.65833,1319
0.66667,1323
0.675,1327
0.68333,1331
0.69167,1334
0.7,1338
0.70833,1341
0.71667,1344
0.725,1347
0.73333,1350
0.74167,1353
0.75,1356
0.75833,1358
0.76667,1361
0.775,1363
0.78333,1365
0.79167,1367
0.8,1369
0.80833,1371
0.81667,1372
0.825,1374
0.83333,1375
0.84167,1376
0.85,1378
0.85833,1379
0.86667,1380
0.875,1381
0.88333,1381
0.89167,1382
0.9,1383
0.90833,1383
0.91667,1384
0.925,1384
0.93333,1384
0.94167,1384
0.95,1384
0.95833,1384
0.96667,1384
0.975,1383
0.98333,1382
0.99167,1381
1.0,1380
1.00833,1379
1.01667,1378
1.025,1376
1.03333,1374
1.04167,1372
1.05,1370
1.05833,1369
1.06667,1367
1.075,1365
1.08333,1363
1.09167,1361
1.1,1359
1.10833,1356
1.11667,1354
1.125,1351
1.13333,1348
1.14167,1345
1.15,1342
1.15833,1338
1.16667,1335
1.175,1331
1.18333,1327
1.19167,1323
1.2,1320
1.20833,1316
1.21667,1311
1.225,1307
1.23333,1302
1.24167,1297
1.25,1293
1.25833,1288
1.26667,1283
1.275,1278
1.28333,1273
1.29167,1268
1.3,1263
1.30833,1258
1.31667,1253
1.325,1248
1.33333,1242
1.34167,1237
1.35,1231
1.35833,1224
1.36667,1218
1.375,1212
1.38333,1206
1.39167,1200
1.4,1194
1.40833,1187
1.41667,1181
1.425,1174
1.43333,1167
1.44167,1161
1.45,1154
1.45833,1147
1.46667,1140
1.475,1134
1.48333,1127
1.49167,1120
1.5,1113
1.50833,1106
1.51667,1098
1.525,1091
1.53333,1084
1.54167,1076
1.55,1069
1.55833,1061
1.56667,1053
1.575,1046
1.58333,1038
1.59167,1031
1.6,1023
1.60833,1015
1.61667,1007
1.625,999
1.63333,991
1.64167,984
1.65,976
1.65833,968
1.66667,961
1.675,953
1.68333,945
1.69167,937
1.7,929
1.70833,921
1.71667,913
1.725,905
1.73333,897
1.74167,889
1.75,881
1.75833,873
1.76667,864
1.775,856
1.78333,848
1.79167,840
1.8,833
1.80833,824
1.81667,817
1.825,809
1.83333,801
1.84167,793
1.85,785
1.85833,777
1.86667,770
1.875,762
1.88333,754
1.89167,746
1.9,739
1.90833,731
1.91667,724
1.925,716
1.93333,709
1.94167,701
1.95,694
1.95833,687
1.96667,680
1.975,672
1.98333,665
1.99167,658
2.0,650
2.00833,643
2.01667,636
2.025,628
2.03333,621
2.04167,614
2.05,606
2.05833,599
2.06667,592
2.075,585
2.08333,579
2.09167,572
2.1,566
2.10833,560
2.11667,554
2.125,547
2.13333,541
2.14167,535
2.15,528
2.15833,522
2.16667,516
2.175,510
2.18333,504
2.19167,497
2.2,491
2.20833,485
2.21667,480
2.225,474
2.23333,469
2.24167,463
2.25,457
2.25833,452
2.26667,447
2.275,441
2.28333,436
2.29167,431
2.3,425
2.30833,420
2.31667,416
2.325,412
2.33333,407
2.34167,402
2.35,397
2.35833,392
2.36667,387
2.375,382
2.38333,378
2.39167,374
2.4,370
2.40833,365
2.41667,361
2.425,357
2.43333,353
2.44167,348
2.45,344
2.45833,340
2.46667,336
2.475,333
2.48333,329
2.49167,325
2.5,321
2.50833,317
2.51667,314
2.525,311
2.53333,307
2.54167,304
2.55,301
2.55833,298
2.56667,295
2.575,291
2.58333,288
2.59167,285
2.6,282
2.60833,279
2.61667,276
2.625,273
2.63333,270
2.64167,267
2.65,265
2.65833,262
2.66667,260
2.675,257
2.68333,255
2.69167,252
2.7,250
2.70833,247
2.71667,245
2.725,243
2.73333,240
2.74167,238
2.75,236
2.75833,234
2.76667,232
2.775,230
2.78333,228
2.79167,227
2.8,225
2.80833,224
2.81667,222
2.825,220
2.83333,218
2.84167,217
2.85,215
2.85833,213
2.86667,211
2.875,209
2.88333,207
2.89167,206
2.9,205
2.90833,203
2.91667,202
2.925,200
2.93333,199
2.94167,197
2.95,196
2.95833,195
2.96667,193
2.975,192
2.98333,191
2.99167,189
3.0,188
3.00833,188
3.01667,187
3.025,186
3.03333,185
3.04167,184
3.05,183
3.05833,182
3.06667,181
3.075,180
3.08333,179
3.09167,178
3.1,177
3.10833,176
3.11667,175
3.125,174
3.13333,173
3.14167,172
3.15,171
3.15833,170
3.16667,170
3.175,169
3.18333,169
3.19167,168
3.2,167
3.20833,167
3.21667,166
3.225,165
3.23333,165
3.24167,164
3.25,164
3.25833,163
3.26667,162
3.275,162
3.28333,162
3.29167,162
3.3,162
3.30833,161
3.31667,161
3.325,160
3.33333,160
3.34167,160
3.35,159
3.35833,159
3.36667,158
3.375,159
3.38333,159
3.39167,158
3.4,158
3.40833,158
3.41667,158
3.425,157
3.43333,157
3.44167,157
3.45,157
3.45833,156
3.46667,156
3.475,156
3.48333,156
3.49167,156
3.5,155
3.50833,156
3.51667,156
3.525,155
3.53333,155
3.54167,155
3.55,155
3.55833,155
3.56667,154
3.575,154
3.58333,154
3.59167,154
3.6,153
3.60833,153
3.61667,153
3.625,153
3.63333,153
3.64167,153
3.65,153
3.65833,152
3.66667,152
3.675,152
3.68333,153
3.69167,153
3.7,153
3.70833,152
3.71667,152
3.725,152
3.73333,152
3.74167,152
3.75,152
3.75833,152
3.76667,152
3.775,152
3.78333,152
3.79167,152
3.8,152
3.80833,152
3.81667,152
3.825,152
3.83333,152
3.84167,152
3.85,152
3.85833,153
3.86667,153
3.875,153
3.88333,153
3.89167,153
3.9,153
3.90833,153
3.91667,153
3.925,153
3.93333,153
3.94167,153
3.95,153
3.95833,153
3.96667,153
3.975,153
3.98333,153
3.99167,153
4.0,153
4.00833,153
4.01667,153
4.025,153
4.03333,153
4.04167,153
4.05,153
4.05833,153
4.06667,153
4.075,153
4.08333,153
4.09167,153
4.1,153
4.10833,153
4.11667,153
4.125,154
4.13333,154
4.14167,154
4.15,154
4.15833,154
4.16667,154
4.175,154
4.18333,154
4.19167,154
4.2,154
4.20833,154
4.21667,155
4.225,155
4.23333,155
4.24167,155
4.25,155
4.25833,155
4.26667,155
4.275,155
4.28333,154
4.29167,154
4.3,154
4.30833,155
4.31667,155
4.325,156
4.33333,156
4.34167,156
4.35,156
4.35833,156
4.36667,156
4.375,157
4.38333,157
4.39167,156
4.4,156
4.40833,156
4.41667,156
4.425,156
4.43333,156
4.44167,156
4.45,156
4.45833,156
4.46667,156
4.475,156
4.48333,156
4.49167,156
4.5,156
4.50833,156
4.51667,156
4.525,156
4.53333,156
4.54167,156
4.55,156
4.55833,156
4.56667,156
4.575,156
4.58333,156
4.59167,156
4.6,156
4.60833,157
4.61667,157
4.625,157
4.63333,157
4.64167,157
4.65,157
4.65833,156
4.66667,157
4.675,157
4.68333,156
4.69167,156
4.7,156
4.70833,156
4.71667,156
4.725,156
4.73333,157
4.74167,157
4.75,156
4.75833,156
4.76667,156
4.775,157
4.78333,157
4.79167,157
4.8,157
4.80833,157
4.81667,157
4.825,157
4.83333,157
4.84167,157
4.85,157
4.85833,157
4.86667,157
4.875,156
4.88333,156
4.89167,156
4.9,156
4.90833,156
4.91667,156
4.925,156
4.93333,156
4.94167,156
4.95,156
4.95833,156
4.96667,156
4.975,155
4.98333,155
4.99167,154
5.0,154
5.00833,154
5.01667,155
5.025,155
5.03333,155
5.04167,155
5.05,155
5.05833,154
5.06667,154
5.075,154
5.08333,153
5.09167,153
5.1,153
5.10833,153
5.11667,153
5.125,153
5.13333,153
5.14167,153
5.15,152
5.15833,152
5.16667,152
5.175,152
5.18333,152
5.19167,152
5.2,152
5.20833,152
5.21667,151
5.225,151
5.23333,151
5.24167,151
5.25,151
5.25833,151
5.26667,151
5.275,151
5.28333,151
5.29167,151
5.3,152
5.30833,151
5.31667,151
5.325,151
5.33333,151
5.34167,151
5.35,151
5.35833,151
5.36667,151
5.375,151
5.38333,150
5.39167,150
5.4,150
5.40833,149
5.41667,149
5.425,149
5.43333,149
5.44167,149
5.45,148
5.45833,148
5.46667,148
5.475,148
5.48333,149
5.49167,149
5.5,149
5.50833,149
5.51667,148
5.525,148
5.53333,147
5.54167,147
5.55,147
5.55833,146
5.56667,146
5.575,146
5.58333,146
5.59167,146
5.6,145
5.60833,145
5.61667,145
5.625,145
5.63333,145
5.64167,145
5.65,145
5.65833,145
5.66667,144
5.675,144
5.68333,144
5.69167,143
5.7,143
5.70833,143
5.71667,143
5.725,143
5.73333,143
5.74167,143
5.75,143
5.75833,142
5.76667,142
5.775,142
5.78333,142
5.79167,142
5.8,142
5.80833,142
5.81667,142
5.825,142
5.83333,141
5.84167,141
5.85,141
5.85833,141
5.86667,141
5.875,141
5.88333,141
5.89167,141
5.9,140
5.90833,140
5.91667,140
5.925,139
5.93333,139
5.94167,139
5.95,139
5.95833,139
5.96667,139
5.975,139
5.98333,138
5.99167,138
6.0,138
6.00833,138
6.01667,138
6.025,138
6.03333,138
6.04167,138
6.05,137
6.05833,137
6.06667,137
6.075,137
6.08333,137
6.09167,136
6.1,136
6.10833,136
6.11667,136
6.125,135
6.13333,135
6.14167,135
6.15,135
6.15833,135
6.16667,136
6.175,136
6.18333,136
6.19167,135
6.2,135
6.20833,135
6.21667,135
6.225,135
6.23333,134
6.24167,134
6.25,134
6.25833,134
6.26667,134
6.275,134
6.28333,134
6.29167,134
6.3,134
6.30833,134
6.31667,133
6.325,133
6.33333,133
6.34167,133
6.35,133
6.35833,133
6.36667,133
6.375,133
6.38333,133
6.39167,133
6.4,132
6.40833,132
6.41667,132
6.425,132
6.43333,132
6.44167,132
6.45,131
6.45833,131
6.46667,131
6.475,131
6.48333,132
6.49167,132
6.5,132
6.50833,131
6.51667,132
6.525,131
6.53333,131
6.54167,131
6.55,130
6.55833,130
6.56667,130
6.575,129
6.58333,129
6.59167,129
6.6,129
6.60833,129
6.61667,129
6.625,129
6.63333,129
6.64167,128
6.65,129
6.65833,129
6.66667,129
6.675,129
6.68333,129
6.69167,128
6.7,128
6.70833,128
6.71667,128
6.725,128
6.73333,128
6.74167,128
6.75,128
6.75833,128
6.76667,127
6.775,127
6.78333,127
6.79167,127
6.8,126
6.80833,126
6.81667,126
6.825,126
6.83333,126
6.84167,127
6.85,127
6.85833,127
6.86667,127
6.875,126
6.88333,126
6.89167,126
6.9,126
6.90833,125
6.91667,125
6.925,125
6.93333,124
6.94167,124
6.95,124
6.95833,125
6.96667,124
6.975,124
6.98333,124
6.99167,124
7.0,125
7.00833,125
7.01667,125
7.025,124
7.03333,124
7.04167,124
7.05,124
7.05833,123
7.06667,123
7.075,123
7.08333,123
7.09167,123
7.1,123
7.10833,123
7.11667,122
7.125,122
7.13333,122
7.14167,123
7.15,123
7.15833,122
7.16667,122
7.175,122
7.18333,122
7.19167,122
7.2,121
7.20833,121
7.21667,121
7.225,121
7.23333,121
7.24167,121
7.25,121
7.25833,121
7.26667,121
7.275,121
7.28333,122
7.29167,121
7.3,121
7.30833,121
7.31667,121
7.325,121
7.33333,120
7.34167,120
7.35,120
7.35833,120
7.36667,120
7.375,120
7.38333,120
7.39167,120
7.4,120
7.40833,120
7.41667,120
7.425,120
7.43333,120
7.44167,120
7.45,119
7.45833,119
7.46667,119
7.475,119
7.48333,119
7.49167,119
7.5,120
7.50833,120
7.51667,120
7.525,119
7.53333,119
7.54167,118
7.55,118
7.55833,118
7.56667,118
7.575,118
7.58333,118
7.59167,117
7.6,117
7.60833,117
7.61667,118
7.625,118
7.63333,118
7.64167,118
7.65,118
7.65833,118
7.66667,117
7.675,117
7.68333,117
7.69167,117
7.7,117
7.70833,117
7.71667,117
7.725,117
7.73333,117
7.74167,117
7.75,117
7.75833,117
7.76667,117
7.775,117
7.78333,117
7.79167,117
7.8,116
7.80833,116
7.81667,116
7.825,116
7.83333,116
7.84167,116
7.85,116
7.85833,116
7.86667,116
7.875,116
7.88333,116
7.89167,116
7.9,116
7.90833,116
7.91667,116
7.925,116
7.93333,116
7.94167,115
7.95,115
7.95833,115
7.96667,115
7.975,115
7.98333,115
7.99167,115
8.0,115
8.00833,115
8.01667,115
8.025,115
8.03333,115
8.04167,115
8.05,115
8.05833,115
8.06667,115
8.075,114
8.08333,114
8.09167,114
8.1,114
8.10833,114
8.11667,114
8.125,114
8.13333,114
8.14167,114
8.15,114
8.15833,114
8.16667,113
8.175,113
8.18333,113
8.19167,112
8.2,112
8.20833,113
8.21667,113
8.225,113
8.23333,113
8.24167,113
8.25,112
8.25833,112
8.26667,113
8.275,113
8.28333,113
8.29167,113
8.3,112
8.30833,112
8.31667,112
8.325,112
8.33333,112
8.34167,112
8.35,112
8.35833,112
8.36667,112
8.375,111
8.38333,111
8.39167,111
8.4,111
8.40833,111
8.41667,112
8.425,112
8.43333,112
8.44167,112
8.45,112
8.45833,112
8.46667,111
8.475,111
8.48333,111
8.49167,112
8.5,112
8.50833,112
8.51667,112
8.525,112
8.53333,111
8.54167,111
8.55,111
8.55833,111
8.56667,111
8.575,111
8.58333,111
8.59167,111
8.6,110
8.60833,110
8.61667,110
8.625,110
8.63333,110
8.64167,110
8.65,110
8.65833,110
8.66667,110
8.675,110
8.68333,110
8.69167,110
8.7,110
8.70833,110
8.71667,110
8.725,110
8.73333,110
8.74167,109
8.75,109
8.75833,109
8.76667,109
8.775,109
8.78333,109
8.79167,109
8.8,109
8.80833,109
8.81667,109
8.825,109
8.83333,109
8.84167,109
8.85,109
8.85833,109
8.86667,109
8.875,109
8.88333,108
8.89167,108
8.9,108
8.90833,108
8.91667,108
8.925,108
8.93333,108
8.94167,108
8.95,108
8.95833,108
8.96667,108
8.975,108
8.98333,108
8.99167,108
9.0,108
9.00833,108
9.01667,108
9.025,108
9.03333,108
9.04167,108
9.05,108
9.05833,108
9.06667,108
9.075,108
9.08333,108
9.09167,108
9.1,108
9.10833,107
9.11667,107
9.125,107
9.13333,108
9.14167,108
9.15,108
9.15833,108
9.16667,108
9.175,108
9.18333,108
9.19167,108
9.2,108
9.20833,108
9.21667,108
9.225,107
9.23333,107
9.24167,107
9.25,107
9.25833,107
9.26667,107
9.275,107
9.28333,106
9.29167,106
9.3,106
9.30833,106
9.31667,106
9.325,106
9.33333,107
9.34167,107
9.35,107
9.35833,107
9.36667,107
9.375,107
9.38333,107
9.39167,106
9.4,106
9.40833,106
9.41667,106
9.425,106
9.43333,106
9.44167,105
9.45,105
9.45833,106
9.46667,105
9.475,105
9.48333,105
9.49167,106
9.5,106
9.50833,106
9.51667,106
9.525,106
9.53333,106
9.54167,106
9.55,107
9.55833,107
9.56667,107
9.575,108
9.58333,108
9.59167,107
9.6,107
9.60833,107
9.61667,106
9.625,106
9.63333,106
9.64167,105
9.65,105
9.65833,105
9.66667,105
9.675,105
9.68333,105
9.69167,106
9.7,106
9.70833,106
9.71667,106
9.725,105
9.73333,105
9.74167,105
9.75,105
9.75833,105
9.76667,105
9.775,105
9.78333,105
9.79167,105
9.8,105
9.80833,105
9.81667,105
9.825,105
9.83333,105
9.84167,105
9.85,105
9.85833,105
9.86667,105
9.875,105
9.88333,105
9.89167,105
9.9,105
9.90833,105
9.91667,105
9.925,105
9.93333,105
9.94167,105
9.95,105
9.95833,105
9.96667,106
9.975,106
9.98333,106
9.99167,107
10.0,107
10.00833,107
10.01667,107
10.025,107
10.03333,107
10.04167,106
10.05,106
10.05833,106
10.06667,106
10.075,106
10.08333,106
10.09167,106
10.1,106
10.10833,105
10.11667,105
10.125,105
10.13333,105
10.14167,105
10.15,105
10.15833,105
10.16667,105
10.175,105
10.18333,105
10.19167,104
10.2,104
10.20833,105
10.21667,105
10.225,106
10.23333,106
10.24167,106
10.25,106
10.25833,105
10.26667,105
10.275,105
10.28333,105
10.29167,105
10.3,104
10.30833,104
10.31667,105
10.325,104
10.33333,104
10.34167,104
10.35,104
10.35833,105
10.36667,105
10.375,105
10.38333,106
10.39167,106
10.4,106
10.40833,106
10.41667,106
10.425,107
10.43333,106
10.44167,106
10.45,106
10.45833,106
10.46667,106
10.475,105
10.48333,105
10.49167,104
10.5,103
10.50833,102
10.51667,101
10.525,99
10.53333,96
10.54167,93
10.55,89
10.55833,83
10.56667,76
10.575,68
10.58333,57
10.59167,44
10.6,29
10.60833,10
10.61667,-13
10.625,-39
10.63333,-70
10.64167,-105
10.65,-145
10.65833,-190
10.66667,-241
10.675,-297
10.68333,-359
10.69167,-427
10.7,-500
10.70833,-578
10.71667,-662
10.725,-751
10.73333,-843
10.74167,-940
10.75,-1039
10.75833,-1141
10.76667,-1244
10.775,-1348
10.78333,-1453
10.79167,-1557
10.8,-1658
10.80833,-1757
10.81667,-1852
10.825,-1943
10.83333,-2029
10.84167,-2108
10.85,-2181
10.85833,-2246
10.86667,-2302
10.875,-2350
10.88333,-2389
10.89167,-2418
10.9,-2437
10.90833,-2447
10.91667,-2447
10.925,-2438
10.93333,-2419
10.94167,-2391
10.95,-2355
10.95833,-2311
10.96667,-2260
10.975,-2202
10.98333,-2139
10.99167,-2071
11.0,-1999
11.00833,-1923
11.01667,-1845
11.025,-1765
11.03333,-1684
11.04167,-1603
11.05,-1522
11.05833,-1442
11.06667,-1362
11.075,-1285
11.08333,-1209
11.09167,-1136
11.1,-1065
11.10833,-997
11.11667,-932
11.125,-870
11.13333,-811
11.14167,-755
11.15,-702
11.15833,-652
11.16667,-605
11.175,-560
11.18333,-519
11.19167,-480
11.2,-443
11.20833,-409
11.21667,-377
11.225,-347
11.23333,-320
11.24167,-294
11.25,-270
11.25833,-248
11.26667,-227
11.275,-207
11.28333,-189
11.29167,-172
11.3,-157
11.30833,-142
11.31667,-128
11.325,-115
11.33333,-103
11.34167,-92
11.35,-81
11.35833,-71
11.36667,-62
11.375,-54
11.38333,-46
11.39167,-38
11.4,-31
11.40833,-24
11.41667,-17
11.425,-11
11.43333,-4
11.44167,1
11.45,6
11.45833,10
11.46667,15
11.475,19
11.48333,23
11.49167,26
11.5,30
11.50833,33
11.51667,36
11.525,39
11.53333,41
11.54167,44
11.55,46
11.55833,49
11.56667,52
11.575,54
11.58333,56
11.59167,57
11.6,59
11.60833,61
11.61667,63
11.625,64
11.63333,66
11.64167,68
11.65,69
11.65833,71
11.66667,71
11.675,72
11.68333,73
11.69167,74
11.7,74
11.70833,75
11.71667,76
11.725,78
11.73333,79
11.74167,79
11.75,80
11.75833,81
11.76667,81
11.775,82
11.78333,83
11.79167,83
11.8,84
11.80833,84
11.81667,84
11.825,85
11.83333,85
11.84167,85
11.85,86
11.85833,86
11.86667,86
11.875,86
11.88333,86
11.89167,87
11.9,87
11.90833,87
11.91667,87
11.925,88
11.93333,88
11.94167,88
11.95,89
11.95833,89
11.96667,89
11.975,89
11.98333,90
11.99167,90
12.0,90
12.00833,90
12.01667,91
12.025,91
12.03333,91
12.04167,91
12.05,91
12.05833,91
12.06667,91
12.075,91
12.08333,90
12.09167,90
12.1,90
12.10833,90
12.11667,90
12.125,90
12.13333,90
12.14167,91
12.15,91
12.15833,91
12.16667,92
12.175,92
12.18333,92
12.19167,93
12.2,93
12.20833,93
12.21667,93
12.225,93
12.23333,93
12.24167,93
12.25,93
12.25833,93
12.26667,93
12.275,93
12.28333,93
12.29167,93
12.3,93
12.30833,93
12.31667,93
12.325,93
12.33333,93
12.34167,94
12.35,94
12.35833,94
12.36667,93
12.375,93
12.38333,92
12.39167,92
12.4,93
12.40833,93
12.41667,93
12.425,94
12.43333,94
12.44167,94
12.45,94
12.45833,94
12.46667,93
12.475,93
12.48333,93
12.49167,94
12.5,93
12.50833,93
12.51667,94
12.525,94
12.53333,94
12.54167,94
12.55,94
12.55833,93
12.56667,94
12.575,94
12.58333,94
12.59167,94
12.6,94
12.60833,94
12.61667,94
12.625,95
12.63333,95
12.64167,95
12.65,95
12.65833,95
12.66667,95
12.675,95
12.68333,95
12.69167,95
12.7,95
12.70833,95
12.71667,95
12.725,95
12.73333,95
12.74167,96
12.75,96
12.75833,96
12.76667,97
12.775,97
12.78333,97
12.79167,97
12.8,97
12.80833,97
12.81667,97
12.825,97
12.83333,97
12.84167,97
12.85,98
12.85833,98
12.86667,98
12.875,98
12.88333,98
12.89167,98
12.9,98
12.90833,98
12.91667,98
12.925,99
12.93333,99
12.94167,99
12.95,99
12.95833,99
12.96667,99
12.975,99
12.98333,99
12.99167,99
13.0,99
13.00833,99
13.01667,99
13.025,99
13.03333,99
13.04167,99
13.05,99
13.05833,99
13.06667,99
13.075,99
13.08333,99
13.09167,99
13.1,99
13.10833,99
13.11667,99
13.125,99
13.13333,99
13.14167,99
13.15,99
13.15833,99
13.16667,98
13.175,98
13.18333,98
13.19167,98
13.2,99
13.20833,99
13.21667,100
13.225,100
13.23333,101
13.24167,101
13.25,102
13.25833,102
13.26667,103
13.275,105
13.28333,106
13.29167,108
13.3,109
13.30833,111
13.31667,113
13.325,115
13.33333,118
13.34167,120
13.35,123
13.35833,126
13.36667,130
13.375,134
13.38333,138
13.39167,142
13.4,147
13.40833,152
13.41667,158
13.425,164
13.43333,171
13.44167,177
13.45,184
13.45833,192
13.46667,199
13.475,207
13.48333,214
13.49167,222
13.5,230
13.50833,239
13.51667,247
13.525,255
13.53333,263
13.54167,271
13.55,279
13.55833,287
13.56667,295
13.575,302
13.58333,309
13.59167,316
13.6,322
13.60833,328
13.61667,334
13.625,339
13.63333,344
13.64167,349
13.65,353
13.65833,356
13.66667,359
13.675,361
13.68333,363
13.69167,364
13.7,365
13.70833,365
13.71667,365
13.725,364
13.73333,362
13.74167,361
13.75,359
13.75833,356
13.76667,352
13.775,349
13.78333,345
13.79167,340
13.8,336
13.80833,330
13.81667,325
13.825,319
13.83333,313
13.84167,307
13.85,301
13.85833,295
13.86667,288
13.875,282
13.88333,275
13.89167,269
13.9,262
13.90833,256
13.91667,249
13.925,242
13.93333,235
13.94167,229
13.95,223
13.95833,216
13.96667,210
13.975,204
13.98333,199
13.99167,194
14.0,188
14.00833,183
14.01667,178
14.025,174
14.03333,169
14.04167,165
14.05,160
14.05833,156
14.06667,153
14.075,149
14.08333,146
14.09167,142
14.1,140
14.10833,137
14.11667,134
14.125,131
14.13333,129
14.14167,127
14.15,124
14.15833,122
14.16667,121
14.175,119
14.18333,118
14.19167,116
14.2,115
14.20833,113
14.21667,112
14.225,111
14.23333,110
14.24167,109
14.25,108
14.25833,107
14.26667,106
14.275,106
14.28333,105
14.29167,104
14.3,103
14.30833,103
14.31667,102
14.325,101
14.33333,101
14.34167,101
14.35,100
14.35833,100
14.36667,99
14.375,99
14.38333,99
14.39167,99
14.4,98
14.40833,98
14.41667,98
14.425,97
14.43333,97
14.44167,97
14.45,98
14.45833,97
14.46667,97
14.475,97
14.48333,97
14.49167,97
14.5,97
14.50833,97
14.51667,96
14.525,96
14.53333,96
14.54167,96
14.55,95
14.55833,95
14.56667,95
14.575,95
14.58333,94
14.59167,94
14.6,94
14.60833,94
14.61667,94
14.625,94
14.63333,94
14.64167,94
14.65,94
14.65833,94
14.66667,94
14.675,94
14.68333,94
14.69167,94
14.7,94
14.70833,94
14.71667,94
14.725,93
14.73333,93
14.74167,92
14.75,92
14.75833,92
14.76667,92
14.775,93
14.78333,92
14.79167,92
14.8,92
14.80833,92
14.81667,92
14.825,92
14.83333,91
14.84167,91
14.85,91
14.85833,91
14.86667,91
14.875,92
14.88333,92
14.89167,92
14.9,92
14.90833,92
14.91667,92
14.925,91
14.93333,91
14.94167,92
14.95,92
14.95833,92
14.96667,92
14.975,92
14.98333,92
14.99167,92
15.0,92
15.00833,92
15.01667,92
15.025,92
15.03333,93
15.04167,93
15.05,93
15.05833,92
15.06667,92
15.075,92
15.08333,92
15.09167,92
15.1,92
15.10833,92
15.11667,92
15.125,92
15.13333,92
15.14167,92
15.15,92
15.15833,92
15.16667,92
15.175,92
15.18333,92
15.19167,92
15.2,92
15.20833,92
15.21667,92
15.225,93
15.23333,93
15.24167,93
15.25,93
15.25833,92
15.26667,92
15.275,92
15.28333,92
15.29167,92
15.3,93
15.30833,93
15.31667,93
15.325,94
15.33333,95
15.34167,95
15.35,96
15.35833,98
15.36667,99
15.375,100
15.38333,101
15.39167,102
15.4,104
15.40833,106
15.41667,107
15.425,109
15.43333,111
15.44167,114
15.45,116
15.45833,119
15.46667,121
15.475,124
15.48333,127
15.49167,130
15.5,133
15.50833,137
15.51667,141
15.525,145
15.53333,148
15.54167,152
15.55,156
15.55833,160
15.56667,164
15.575,168
15.58333,172
15.59167,176
15.6,179
15.60833,183
15.61667,187
15.625,190
15.63333,194
15.64167,197
15.65,200
15.65833,203
15.66667,206
15.675,209
15.68333,211
15.69167,214
15.7,216
15.70833,217
15.71667,219
15.725,221
15.73333,223
15.74167,224
15.75,224
15.75833,225
15.76667,225
15.775,225
15.78333,225
15.79167,224
15.8,224
15.80833,223
15.81667,222
15.825,221
15.83333,220
15.84167,219
15.85,217
15.85833,215
15.86667,212
15.875,210
15.88333,207
15.89167,205
15.9,202
15.90833,199
15.91667,196
15.925,192
15.93333,189
15.94167,186
15.95,183
15.95833,180
15.96667,177
15.975,174
15.98333,170
15.99167,167
16.0,164
16.00833,160
16.01667,157
16.025,154
16.03333,151
16.04167,148
16.05,145
16.05833,141
16.06667,138
16.075,136
16.08333,134
16.09167,131
16.1,129
16.10833,127
16.11667,124
16.125,122
16.13333,120
16.14167,119
16.15,117
16.15833,116
16.16667,114
16.175,112
16.18333,110
16.19167,108
16.2,107
16.20833,106
16.21667,105
16.225,104
16.23333,103
16.24167,102
16.25,102
16.25833,101
16.26667,101
16.275,100
16.28333,99
16.29167,99
16.3,99
16.30833,98
16.31667,98
16.325,98
16.33333,97
16.34167,97
16.35,96
16.35833,96
16.36667,95
16.375,95
16.38333,95
16.39167,95
16.4,94
16.40833,94
16.41667,93
16.425,93
16.43333,92
16.44167,93
16.45,93
16.45833,93
16.46667,93
16.475,93
16.48333,93
16.49167,93
16.5,93
16.50833,92
16.51667,92
16.525,92
16.53333,92
16.54167,92
16.55,91
16.55833,92
16.56667,92
16.575,92
16.58333,92
16.59167,92
16.6,91
16.60833,91
16.61667,91
16.625,91
16.63333,91
16.64167,91
16.65,91
16.65833,90
16.66667,90
16.675,91
16.68333,91
16.69167,92
16.7,92
16.70833,92
16.71667,91
16.725,91
16.73333,90
16.74167,90
16.75,91
16.75833,91
16.76667,91
16.775,91
16.78333,91
16.79167,90
16.8,90
16.80833,90
16.81667,90
16.825,90
16.83333,90
16.84167,90
16.85,90
16.85833,90
16.86667,90
16.875,89
16.88333,89
16.89167,89
16.9,90
16.90833,90
16.91667,90
16.925,90
16.93333,90
16.94167,90
16.95,91
16.95833,91
16.96667,91
16.975,91
16.98333,91
16.99167,91
17.0,90
17.00833,90
17.01667,90
17.025,90
17.03333,90
17.04167,90
17.05,90
17.05833,90
17.06667,90
17.075,90
17.08333,90
17.09167,90
17.1,90
17.10833,90
17.11667,90
17.125,90
17.13333,90
17.14167,90
17.15,90
17.15833,90
17.16667,89
17.175,89
17.18333,89
17.19167,89
17.2,89
17.20833,89
17.21667,89
17.225,89
17.23333,89
17.24167,89
17.25,89
17.25833,89
17.26667,89
17.275,89
17.28333,89
17.29167,89
17.3,89
17.30833,89
17.31667,90
17.325,90
17.33333,90
17.34167,90
17.35,90
17.35833,90
17.36667,90
17.375,90
17.38333,90
17.39167,90
17.4,90
17.40833,90
17.41667,90
17.425,89
17.43333,89
17.44167,89
17.45,89
17.45833,88
17.46667,89
17.475,89
17.48333,89
17.49167,90
17.5,89
17.50833,89
17.51667,89
17.525,89
17.53333,89
17.54167,89
17.55,89
17.55833,89
17.56667,90
17.575,90
17.58333,90
17.59167,90
17.6,90
17.60833,89
17.61667,89
17.625,89
17.63333,89
17.64167,89
17.65,89
17.65833,89
17.66667,89
17.675,89
17.68333,89
17.69167,89
17.7,89
17.70833,90
17.71667,90
17.725,90
17.73333,90
17.74167,90
17.75,90
17.75833,90
17.76667,89
17.775,89
17.78333,89
17.79167,89
17.8,89
17.80833,90
17.81667,90
17.825,90
17.83333,90
17.84167,90
17.85,90
17.85833,90
17.86667,90
17.875,90
17.88333,90
17.89167,90
17.9,90
17.90833,90
17.91667,91
17.925,91
17.93333,91
17.94167,90
17.95,90
17.95833,90
17.96667,90
17.975,90
17.98333,89
17.99167,89
18.0,89
18.00833,89
18.01667,89
18.025,89
18.03333,89
18.04167,89
18.05,89
18.05833,89
18.06667,89
18.075,89
18.08333,89
18.09167,89
18.1,88
18.10833,89
18.11667,89
18.125,89
18.13333,89
18.14167,88
18.15,89
18.15833,89
18.16667,89
18.175,89
18.18333,89
18.19167,89
18.2,90
18.20833,90
18.21667,90
18.225,90
18.23333,90
18.24167,90
18.25,90
18.25833,90
18.26667,89
18.275,89
18.28333,89
18.29167,89
18.3,89
18.30833,89
18.31667,89
18.325,89
18.33333,89
18.34167,89
18.35,89
18.35833,89
18.36667,89
18.375,89
18.38333,89
18.39167,89
18.4,89
18.40833,89
18.41667,89
18.425,89
18.43333,88
18.44167,88
18.45,88
18.45833,88
18.46667,88
18.475,88
18.48333,89
18.49167,89
18.5,89
18.50833,89
18.51667,89
18.525,89
18.53333,89
18.54167,89
18.55,89
18.55833,88
18.56667,88
18.575,88
18.58333,88
18.59167,87
18.6,87
18.60833,87
18.61667,87
18.625,87
18.63333,87
18.64167,87
18.65,87
18.65833,87
18.66667,88
18.675,88
18.68333,88
18.69167,88
18.7,88
18.70833,88
18.71667,88
18.725,89
18.73333,89
18.74167,89
18.75,89
18.75833,89
18.76667,89
18.775,89
18.78333,89
18.79167,89
18.8,89
18.80833,89
18.81667,89
18.825,89
18.83333,89
18.84167,89
18.85,89
18.85833,88
18.86667,88
18.875,88
18.88333,88
18.89167,88
18.9,88
18.90833,89
18.91667,89
18.925,89
18.93333,89
18.94167,88
18.95,88
18.95833,88
18.96667,88
18.975,88
18.98333,88
18.99167,88
19.0,88
19.00833,88
19.01667,88
19.025,88
19.03333,88
19.04167,88
19.05,88
19.05833,88
19.06667,88
19.075,88
19.08333,88
19.09167,87
19.1,87
19.10833,87
19.11667,87
19.125,87
19.13333,87
19.14167,87
19.15,87
19.15833,87
19.16667,87
19.175,87
19.18333,87
19.19167,87
19.2,87
19.20833,88
19.21667,88
19.225,88
19.23333,88
19.24167,88
19.25,88
19.25833,88
19.26667,88
19.275,87
19.28333,87
19.29167,87
19.3,87
19.30833,87
19.31667,87
19.325,87
19.33333,87
19.34167,87
19.35,87
19.35833,87
19.36667,88
19.375,88
19.38333,87
19.39167,87
19.4,88
19.40833,88
19.41667,88
19.425,88
19.43333,88
19.44167,88
19.45,88
19.45833,87
19.46667,87
19.475,87
19.48333,87
19.49167,87
19.5,87
19.50833,87
19.51667,87
19.525,87
19.53333,87
19.54167,87
19.55,87
19.55833,88
19.56667,88
19.575,88
19.58333,88
19.59167,88
19.6,88
19.60833,88
19.61667,87
19.625,87
19.63333,87
19.64167,87
19.65,87
19.65833,87
19.66667,87
19.675,87
19.68333,87
19.69167,87
19.7,87
19.70833,87
19.71667,87
19.725,87
19.73333,87
19.74167,88
19.75,88
19.75833,88
19.76667,88
19.775,88
19.78333,88
19.79167,87
19.8,87
19.80833,87
19.81667,87
19.825,87
19.83333,88
19.84167,88
19.85,88
19.85833,88
19.86667,88
19.875,87
19.88333,87
19.89167,87
19.9,87
19.90833,87
19.91667,87
19.925,87
19.93333,87
19.94167,87
19.95,87
19.95833,87
19.96667,87
19.975,87
19.98333,87
19.99167,87
20.0,87
20.00833,87
20.01667,87
20.025,86
20.03333,86
20.04167,86
20.05,86
20.05833,86
20.06667,86
20.075,86
20.08333,87
20.09167,87
20.1,87
20.10833,87
20.11667,87
20.125,86
20.13333,86
20.14167,86
20.15,86
20.15833,86
20.16667,86
20.175,87
20.18333,87
20.19167,87
20.2,87
20.20833,87
20.21667,87
20.225,87
20.23333,87
20.24167,87
20.25,87
20.25833,87
20.26667,87
20.275,87
20.28333,87
20.29167,88
20.3,87
20.30833,87
20.31667,87
20.325,87
20.33333,87
20.34167,87
20.35,87
20.35833,87
20.36667,87
20.375,87
20.38333,87
20.39167,87
20.4,87
20.40833,87
20.41667,87
20.425,87
20.43333,88
20.44167,88
20.45,87
20.45833,87
20.46667,87
20.475,87
20.48333,86
20.49167,86
20.5,86
20.50833,86
20.51667,86
20.525,86
20.53333,86
20.54167,86
20.55,87
20.55833,87
20.56667,87
20.575,87
20.58333,87
20.59167,87
20.6,87
20.60833,87
20.61667,87
20.625,87
20.63333,88
20.64167,88
20.65,88
20.65833,87
20.66667,87
20.675,87
20.68333,87
20.69167,87
20.7,87
20.70833,87
20.71667,87
20.725,87
20.73333,87
20.74167,86
20.75,86
20.75833,86
20.76667,86
20.775,86
20.78333,86
20.79167,86
20.8,86
20.80833,86
20.81667,86
20.825,86
20.83333,86
20.84167,86
20.85,86
20.85833,86
20.86667,86
20.875,86
20.88333,86
20.89167,86
20.9,86
20.90833,86
20.91667,86
20.925,86
20.93333,86
20.94167,86
20.95,86
20.95833,86
20.96667,86
20.975,87
20.98333,87
20.99167,86
21.0,86
21.00833,86
21.01667,87
21.025,87
21.03333,87
21.04167,87
21.05,87
21.05833,87
21.06667,87
21.075,87
21.08333,86
21.09167,86
21.1,86
21.10833,86
21.11667,86
21.125,86
21.13333,87
21.14167,87
21.15,87
21.15833,87
21.16667,86
21.175,86
21.18333,86
21.19167,86
21.2,86
21.20833,87
21.21667,87
21.225,87
21.23333,87
21.24167,87
21.25,88
21.25833,88
21.26667,88
21.275,88
21.28333,88
21.29167,87
21.3,87
21.30833,87
21.31667,87
21.325,87
21.33333,86
21.34167,86
21.35,86
21.35833,86
21.36667,86
21.375,86
21.38333,87
21.39167,87
21.4,87
21.40833,86
21.41667,86
21.425,87
21.43333,87
21.44167,87
21.45,87
21.45833,87
21.46667,88
21.475,87
21.48333,87
21.49167,87
21.5,87
21.50833,87
21.51667,87
21.525,86
21.53333,86
21.54167,87
21.55,87
21.55833,87
21.56667,87
21.575,87
21.58333,87
21.59167,87
21.6,87
21.60833,87
21.61667,87
21.625,87
21.63333,87
21.64167,87
21.65,87
21.65833,87
21.66667,87
21.675,87
21.68333,87
21.69167,87
21.7,87
21.70833,87
21.71667,88
21.725,88
21.73333,88
21.74167,88
21.75,88
21.75833,88
21.76667,87
21.775,88
21.78333,88
21.79167,88
21.8,88
21.80833,88
21.81667,87
21.825,87
21.83333,88
21.84167,88
21.85,88
21.85833,88
21.86667,88
21.875,88
21.88333,88
21.89167,88
21.9,88
21.90833,88
21.91667,88
21.925,88
21.93333,88
21.94167,88
21.95,88
21.95833,88
21.96667,88
21.975,88
21.98333,88
21.99167,88
22.0,88
22.00833,88
22.01667,88
22.025,88
22.03333,88
22.04167,88
22.05,88
22.05833,88
22.06667,88
22.075,88
22.08333,88
22.09167,88
22.1,89
22.10833,89
22.11667,89
22.125,88
22.13333,88
22.14167,88
22.15,88
22.15833,88
22.16667,88
22.175,88
22.18333,88
22.19167,88
22.2,87
22.20833,87
22.21667,87
22.225,88
22.23333,88
22.24167,88
22.25,88
22.25833,88
22.26667,88
22.275,88
22.28333,88
22.29167,88
22.3,88
22.30833,88
22.31667,88
22.325,89
22.33333,89
22.34167,89
22.35,89
22.35833,89
22.36667,88
22.375,88
22.38333,88
22.39167,87
22.4,87
22.40833,87
22.41667,88
22.425,88
22.43333,87
22.44167,87
22.45,88
22.45833,88
22.46667,88
22.475,88
22.48333,87
22.49167,87
22.5,87
22.50833,88
22.51667,88
22.525,88
22.53333,88
22.54167,88
22.55,88
22.55833,87
22.56667,87
22.575,87
22.58333,88
22.59167,88
22.6,88
22.60833,89
22.61667,89
22.625,88
22.63333,88
22.64167,88
22.65,88
22.65833,88
22.66667,88
22.675,89
22.68333,89
22.69167,89
22.7,90
22.70833,90
22.71667,89
22.725,89
22.73333,89
22.74167,89
22.75,89
22.75833,89
22.76667,89
22.775,89
22.78333,90
22.79167,90
22.8,90
22.80833,90
22.81667,90
22.825,90
22.83333,90
22.84167,91
22.85,91
22.85833,91
22.86667,90
22.875,90
22.88333,90
22.89167,91
22.9,91
22.90833,91
22.91667,91
22.925,91
22.93333,91
22.94167,91
22.95,91
22.95833,91
22.96667,92
22.975,92
22.98333,92
22.99167,91
23.0,91
23.00833,91
23.01667,91
23.025,91
23.03333,92
23.04167,92
23.05,92
23.05833,92
23.06667,92
23.075,92
23.08333,92
23.09167,92
23.1,92
23.10833,92
23.11667,91
23.125,91
23.13333,91
23.14167,91
23.15,91
23.15833,91
23.16667,91
23.175,91
23.18333,91
23.19167,91
23.2,91
23.20833,91
23.21667,91
23.225,91
23.23333,91
23.24167,91
23.25,90
23.25833,90
23.26667,90
23.275,91
23.28333,91
23.29167,91
23.3,90
23.30833,90
23.31667,90
23.325,90
23.33333,89
23.34167,89
23.35,90
23.35833,89
23.36667,90
23.375,90
23.38333,90
23.39167,89
23.4,89
23.40833,89
23.41667,89
23.425,89
23.43333,89
23.44167,88
23.45,88
23.45833,88
23.46667,88
23.475,88
23.48333,89
23.49167,88
23.5,88
23.50833,88
23.51667,88
23.525,88
23.53333,87
23.54167,87
23.55,86
23.55833,86
23.56667,86
23.575,86
23.58333,87
23.59167,87
23.6,87
23.60833,88
23.61667,88
23.625,88
23.63333,88
23.64167,88
23.65,88
23.65833,88
23.66667,88
23.675,88
23.68333,88
23.69167,88
23.7,87
23.70833,87
23.71667,87
23.725,87
23.73333,87
23.74167,87
23.75,87
23.75833,87
23.76667,87
23.775,87
23.78333,86
23.79167,86
23.8,86
23.80833,86
23.81667,86
23.825,86
23.83333,86
23.84167,86
23.85,86
23.85833,86
23.86667,86
23.875,86
23.88333,86
23.89167,86
23.9,86
23.90833,86
23.91667,86
23.925,86
23.93333,86
23.94167,86
23.95,87
23.95833,87
23.96667,87
23.975,87
23.98333,87
23.99167,88
24.0,88
24.00833,88
24.01667,87
24.025,87
24.03333,86
24.04167,86
24.05,86
24.05833,86
24.06667,86
24.075,86
24.08333,86
24.09167,86
24.1,86
24.10833,86
24.11667,86
24.125,86
24.13333,87
24.14167,87
24.15,87
24.15833,87
24.16667,87
24.175,87
24.18333,87
24.19167,87
24.2,88
24.20833,88
24.21667,88
24.225,88
24.23333,88
24.24167,88
24.25,88
24.25833,87
24.26667,87
24.275,87
24.28333,86
24.29167,87
24.3,87
24.30833,87
24.31667,88
24.325,88
24.33333,88
24.34167,88
24.35,88
24.35833,88
24.36667,88
24.375,88
24.38333,88
24.39167,88
24.4,88
24.40833,88
24.41667,88
24.425,88
24.43333,88
24.44167,88
24.45,88
24.45833,88
24.46667,88
24.475,88
24.48333,88
24.49167,89
24.5,89
24.50833,89
24.51667,89
24.525,89
24.53333,89
24.54167,89
24.55,90
24.55833,90
24.56667,90
24.575,90
24.58333,90
24.59167,90
24.6,90
24.60833,90
24.61667,90
24.625,90
24.63333,90
24.64167,90
24.65,90
24.65833,90
24.66667,91
24.675,91
24.68333,91
24.69167,91
24.7,92
24.70833,92
24.71667,92
24.725,92
24.73333,92
24.74167,92
24.75,92
24.75833,92
24.76667,92
24.775,92
24.78333,92
24.79167,93
24.8,93
24.80833,93
24.81667,93
24.825,93
24.83333,93
24.84167,93
24.85,93
24.85833,93
24.86667,93
24.875,93
24.88333,93
24.89167,93
24.9,93
24.90833,92
24.91667,92
24.925,92
24.93333,93
24.94167,93
24.95,93
24.95833,93
24.96667,93
24.975,93
24.98333,93
24.99167,93
25.0,93
25.00833,93
25.01667,93
25.025,93
25.03333,93
25.04167,93
25.05,92
25.05833,92
25.06667,92
25.075,92
25.08333,92
25.09167,92
25.1,92
25.10833,92
25.11667,92
25.125,91
25.13333,91
25.14167,90
25.15,90
25.15833,90
25.16667,90
25.175,90
25.18333,90
25.19167,89
25.2,89
25.20833,89
25.21667,88
25.225,88
25.23333,88
25.24167,88
25.25,88
25.25833,88
25.26667,88
25.275,88
25.28333,88
25.29167,88
25.3,88
25.30833,87
25.31667,87
25.325,87
25.33333,87
25.34167,87
25.35,87
25.35833,87
25.36667,87
25.375,87
25.38333,87
25.39167,87
25.4,87
25.40833,87
25.41667,87
25.425,87
25.43333,86
25.44167,86
25.45,86
25.45833,86
25.46667,86
25.475,86
25.48333,86
25.49167,86
25.5,86
25.50833,86
25.51667,86
25.525,86
25.53333,86
25.54167,86
25.55,86
25.55833,86
25.56667,85
25.575,85
25.58333,85
25.59167,85
25.6,85
25.60833,85
25.61667,85
25.625,85
25.63333,85
25.64167,85
25.65,84
25.65833,85
25.66667,85
25.675,85
25.68333,85
25.69167,85
25.7,85
25.70833,85
25.71667,86
25.725,86
25.73333,86
25.74167,86
25.75,86
25.75833,86
25.76667,85
25.775,85
25.78333,85
25.79167,85
25.8,86
25.80833,86
25.81667,86
25.825,86
25.83333,86
25.84167,86
25.85,86
25.85833,86
25.86667,86
25.875,86
25.88333,85
25.89167,85
25.9,85
25.90833,85
25.91667,85
25.925,85
25.93333,85
25.94167,86
25.95,86
25.95833,86
25.96667,86
25.975,86
25.98333,85
25.99167,85
26.0,85
26.00833,85
26.01667,85
26.025,85
26.03333,85
26.04167,85
26.05,85
26.05833,86
26.06667,86
26.075,86
26.08333,85
26.09167,85
26.1,84
26.10833,84
26.11667,85
26.125,84
26.13333,84
26.14167,84
26.15,84
26.15833,84
26.16667,84
26.175,84
26.18333,84
26.19167,84
26.2,84
26.20833,84
26.21667,84
26.225,84
26.23333,84
26.24167,85
26.25,84
26.25833,85
26.26667,85
26.275,85
26.28333,85
26.29167,84
26.3,84
26.30833,84
26.31667,84
26.325,84
26.33333,83
26.34167,83
26.35,84
26.35833,84
26.36667,84
26.375,84
26.38333,84
26.39167,84
26.4,84
26.40833,84
26.41667,84
26.425,84
26.43333,84
26.44167,84
26.45,84
26.45833,85
26.46667,85
26.475,85
26.48333,84
26.49167,84
26.5,84
26.50833,83
26.51667,83
26.525,84
26.53333,84
26.54167,84
26.55,85
26.55833,84
26.56667,84
26.575,84
26.58333,84
26.59167,84
26.6,84
26.60833,83
26.61667,83
26.625,83
26.63333,83
26.64167,83
26.65,82
26.65833,82
26.66667,82
26.675,82
26.68333,82
26.69167,82
26.7,82
26.70833,82
26.71667,82
26.725,82
26.73333,82
26.74167,81
26.75,81
26.75833,81
26.76667,81
26.775,80
26.78333,80
26.79167,79
26.8,79
26.80833,78
26.81667,78
26.825,78
26.83333,77
26.84167,77
26.85,76
26.85833,75
26.86667,74
26.875,74
26.88333,73
26.89167,73
26.9,72
26.90833,72
26.91667,71
26.925,69
26.93333,68
26.94167,67
26.95,66
26.95833,65
26.96667,64
26.975,64
26.98333,63
26.99167,62
27.0,61
27.00833,60
27.01667,59
27.025,58
27.03333,57
27.04167,56
27.05,55
27.05833,54
27.06667,52
27.075,51
27.08333,49
27.09167,48
27.1,46
27.10833,45
27.11667,44
27.125,43
27.13333,41
27.14167,40
27.15,39
27.15833,38
27.16667,36
27.175,35
27.18333,34
27.19167,32
27.2,31
27.20833,30
27.21667,29
27.225,28
27.23333,26
27.24167,25
27.25,24
27.25833,23
27.26667,22
27.275,21
27.28333,20
27.29167,19
27.3,18
27.30833,17
27.31667,16
27.325,16
27.33333,15
27.34167,15
27.35,14
27.35833,14
27.36667,13
27.375,13
27.38333,13
27.39167,12
27.4,12
27.40833,12
27.41667,12
27.425,12
27.43333,12
27.44167,11
27.45,11
27.45833,11
27.46667,11
27.475,11
27.48333,11
27.49167,11
27.5,11
27.50833,12
27.51667,12
27.525,13
27.53333,13
27.54167,14
27.55,14
27.55833,15
27.56667,16
27.575,16
27.58333,17
27.59167,18
27.6,18
27.60833,19
27.61667,20
27.625,21
27.63333,22
27.64167,23
27.65,24
27.65833,26
27.66667,27
27.675,28
27.68333,29
27.69167,30
27.7,32
27.70833,33
27.71667,35
27.725,36
27.73333,37
27.74167,38
27.75,39
27.75833,40
27.76667,40
27.775,42
27.78333,43
27.79167,44
27.8,45
27.80833,46
27.81667,47
27.825,48
27.83333,49
27.84167,50
27.85,51
27.85833,52
27.86667,53
27.875,54
27.88333,55
27.89167,56
27.9,57
27.90833,57
27.91667,58
27.925,58
27.93333,59
27.94167,61
27.95,62
27.95833,63
27.96667,63
27.975,64
27.98333,64
27.99167,65
28.0,65
28.00833,66
28.01667,66
28.025,67
28.03333,67
28.04167,68
28.05,69
28.05833,69
28.06667,69
28.075,69
28.08333,70
28.09167,70
28.1,71
28.10833,71
28.11667,71
28.125,72
28.13333,72
28.14167,72
28.15,72
28.15833,72
28.16667,73
28.175,73
28.18333,73
28.19167,74
28.2,74
28.20833,74
28.21667,74
28.225,75
28.23333,75
28.24167,75
28.25,75
28.25833,75
28.26667,75
28.275,75
28.28333,75
28.29167,75
28.3,75
28.30833,76
28.31667,76
28.325,76
28.33333,77
28.34167,77
28.35,77
28.35833,76
28.36667,76
28.375,76
28.38333,76
28.39167,76
28.4,76
28.40833,76
28.41667,77
28.425,77
28.43333,77
28.44167,76
28.45,76
28.45833,75
28.46667,75
28.475,75
28.48333,75
28.49167,75
28.5,75
28.50833,75
28.51667,74
28.525,74
28.53333,74
28.54167,74
28.55,74
28.55833,74
28.56667,74
28.575,74
28.58333,74
28.59167,74
28.6,74
28.60833,73
28.61667,73
28.625,72
28.63333,72
28.64167,71
28.65,71
28.65833,71
28.66667,70
28.675,70
28.68333,69
28.69167,69
28.7,68
28.70833,68
28.71667,67
28.725,67
28.73333,67
28.74167,67
28.75,66
28.75833,66
28.76667,65
28.775,65
28.78333,64
28.79167,64
28.8,63
28.80833,63
28.81667,63
28.825,62
28.83333,62
28.84167,62
28.85,61
28.85833,60
28.86667,60
28.875,60
28.88333,59
28.89167,59
28.9,59
28.90833,59
28.91667,58
28.925,58
28.93333,57
28.94167,57
28.95,57
28.95833,57
28.96667,57
28.975,56
28.98333,56
28.99167,55
29.0,55
29.00833,55
29.01667,55
29.025,54
29.03333,54
29.04167,53
29.05,53
29.05833,53
29.06667,52
29.075,52
29.08333,52
29.09167,52
29.1,52
29.10833,52
29.11667,52
29.125,52
29.13333,52
29.14167,52
29.15,52
29.15833,52
29.16667,52
29.175,52
29.18333,52
29.19167,53
29.2,53
29.20833,54
29.21667,54
29.225,55
29.23333,55
29.24167,55
29.25,55
29.25833,55
29.26667,55
29.275,55
29.28333,55
29.29167,56
29.3,56
29.30833,57
29.31667,57
29.325,58
29.33333,58
29.34167,59
29.35,59
29.35833,59
29.36667,59
29.375,59
29.38333,59
29.39167,60
29.4,60
29.40833,61
29.41667,62
29.425,62
29.43333,63
29.44167,64
29.45,64
29.45833,64
29.46667,65
29.475,65
29.48333,66
29.49167,66
29.5,66
29.50833,66
29.51667,67
29.525,67
29.53333,68
29.54167,68
29.55,68
29.55833,68
29.56667,69
29.575,69
29.58333,70
29.59167,70
29.6,71
29.60833,71
29.61667,72
29.625,72
29.63333,73
29.64167,73
29.65,74
29.65833,74
29.66667,73
29.675,73
29.68333,74
29.69167,74
29.7,74
29.70833,75
29.71667,75
29.725,75
29.73333,75
29.74167,76
29.75,76
29.75833,76
29.76667,76
29.775,76
29.78333,76
29.79167,76
29.8,76
29.80833,76
29.81667,77
29.825,77
29.83333,77
29.84167,77
29.85,77
29.85833,77
29.86667,77
29.875,78
29.88333,78
29.89167,78
29.9,78
29.90833,78
29.91667,78
29.925,78
29.93333,77
29.94167,78
29.95,78
29.95833,78
29.96667,78
29.975,78
29.98333,78
29.99167,78
30.0,79
30.00833,79
30.01667,79
30.025,79
30.03333,80
30.04167,79
30.05,79
30.05833,79
30.06667,79
30.075,79
30.08333,79
30.09167,79
30.1,79
30.10833,79
30.11667,79
30.125,79
30.13333,79
30.14167,79
30.15,79
30.15833,79
30.16667,79
30.175,79
30.18333,79
30.19167,79
30.2,79
30.20833,80
30.21667,80
30.225,80
30.23333,81
30.24167,80
30.25,80
30.25833,80
30.26667,79
30.275,79
30.28333,79
30.29167,79
30.3,79
30.30833,79
30.31667,80
30.325,80
30.33333,80
30.34167,80
30.35,80
30.35833,80
30.36667,80
30.375,80
30.38333,80
30.39167,80
30.4,80
30.40833,80
30.41667,80
30.425,80
30.43333,80
30.44167,80
30.45,80
30.45833,80
30.46667,80
30.475,80
30.48333,80
30.49167,80
30.5,80
30.50833,80
30.51667,80
30.525,80
30.53333,80
30.54167,80
30.55,80
30.55833,79
30.56667,79
30.575,80
30.58333,80
30.59167,80
30.6,80
30.60833,80
30.61667,80
30.625,81
30.63333,81
30.64167,80
30.65,80
30.65833,80
30.66667,79
30.675,79
30.68333,79
30.69167,80
30.7,80
30.70833,80
30.71667,80
30.725,80
30.73333,80
30.74167,80
30.75,80
30.75833,81
30.76667,80
30.775,80
30.78333,80
30.79167,80
30.8,80
30.80833,81
30.81667,81
30.825,81
30.83333,81
30.84167,81
30.85,81
30.85833,81
30.86667,81
30.875,81
30.88333,81
30.89167,81
30.9,80
30.90833,80
30.91667,80
30.925,80
30.93333,80
30.94167,80
30.95,80
30.95833,80
30.96667,81
30.975,81
30.98333,81
30.99167,81
31.0,81
31.00833,81
31.01667,81
31.025,81
31.03333,81
31.04167,81
31.05,81
31.05833,81
31.06667,80
31.075,79
31.08333,79
31.09167,79
31.1,79
31.10833,80
31.11667,80
31.125,80
31.13333,80
31.14167,80
31.15,80
31.15833,80
31.16667,81
31.175,81
31.18333,81
31.19167,81
31.2,81
31.20833,81
31.21667,80
31.225,81
31.23333,81
31.24167,81
31.25,82
31.25833,82
31.26667,82
31.275,82
31.28333,82
31.29167,81
31.3,81
31.30833,81
31.31667,81
31.325,81
31.33333,81
31.34167,80
31.35,80
31.35833,80
31.36667,80
31.375,80
31.38333,80
31.39167,80
31.4,80
31.40833,80
31.41667,81
31.425,81
31.43333,81
31.44167,81
31.45,81
31.45833,81
31.46667,81
31.475,81
31.48333,81
31.49167,81
31.5,81
31.50833,81
31.51667,81
31.525,81
31.53333,81
31.54167,81
31.55,81
31.55833,81
31.56667,81
31.575,81
31.58333,81
31.59167,81
31.6,81
31.60833,81
31.61667,81
31.625,81
31.63333,81
31.64167,81
31.65,82
31.65833,82
31.66667,83
31.675,83
31.68333,83
31.69167,82
31.7,82
31.70833,82
31.71667,82
31.725,82
31.73333,82
31.74167,82
31.75,82
31.75833,82
31.76667,82
31.775,82
31.78333,82
31.79167,82
31.8,82
31.80833,82
31.81667,82
31.825,82
31.83333,82
31.84167,82
31.85,82
31.85833,82
31.86667,82
31.875,82
31.88333,82
31.89167,82
31.9,82
31.90833,82
31.91667,83
31.925,83
31.93333,82
31.94167,82
31.95,83
31.95833,82
31.96667,82
31.975,82
31.98333,82
31.99167,82
32.0,82
32.00833,82
32.01667,82
32.025,82
32.03333,82
32.04167,82
32.05,82
32.05833,82
32.06667,82
32.075,82
32.08333,82
32.09167,83
32.1,83
32.10833,83
32.11667,83
32.125,83
32.13333,84
32.14167,84
32.15,84
32.15833,84
32.16667,84
32.175,84
32.18333,84
32.19167,84
32.2,84
32.20833,84
32.21667,83
32.225,83
32.23333,84
32.24167,84
32.25,85
32.25833,85
32.26667,85
32.275,85
32.28333,85
32.29167,85
32.3,85
32.30833,85
32.31667,85
32.325,85
32.33333,85
32.34167,85
32.35,85
32.35833,86
32.36667,86
32.375,86
32.38333,86
32.39167,86
32.4,86
32.40833,86
32.41667,86
32.425,86
32.43333,86
32.44167,86
32.45,86
32.45833,86
32.46667,86
32.475,86
32.48333,86
32.49167,86
32.5,87
32.50833,87
32.51667,86
32.525,86
32.53333,86
32.54167,86
32.55,86
32.55833,86
32.56667,86
32.575,86
32.58333,86
32.59167,86
32.6,85
32.60833,85
32.61667,85
32.625,85
32.63333,86
32.64167,86
32.65,86
32.65833,86
32.66667,85
32.675,85
32.68333,85
32.69167,85
32.7,85
32.70833,85
32.71667,86
32.725,86
32.73333,86
32.74167,86
32.75,86
32.75833,86
32.76667,85
32.775,85
32.78333,85
32.79167,85
32.8,85
32.80833,84
32.81667,84
32.825,84
32.83333,84
32.84167,84
32.85,84
32.85833,84
32.86667,84
32.875,84
32.88333,85
32.89167,85
32.9,85
32.90833,86
32.91667,86
32.925,86
32.93333,86
32.94167,86
32.95,86
32.95833,85
32.96667,85
32.975,85
32.98333,85
32.99167,85
33.0,85
33.00833,85
33.01667,84
33.025,85
33.03333,85
33.04167,85
33.05,85
33.05833,85
33.06667,85
33.075,84
33.08333,84
33.09167,85
33.1,85
33.10833,85
33.11667,85
33.125,85
33.13333,85
33.14167,85
33.15,85
33.15833,85
33.16667,85
33.175,85
33.18333,85
33.19167,85
33.2,85
33.20833,85
33.21667,85
33.225,85
33.23333,85
33.24167,86
33.25,86
33.25833,86
33.26667,86
33.275,86
33.28333,86
33.29167,86
33.3,86
33.30833,86
33.31667,86
33.325,86
33.33333,87
33.34167,87
33.35,87
33.35833,87
33.36667,87
33.375,87
33.38333,88
33.39167,88
33.4,87
33.40833,87
33.41667,87
33.425,87
33.43333,86
33.44167,86
33.45,86
33.45833,86
33.46667,86
33.475,87
33.48333,87
33.49167,87
33.5,88
33.50833,88
33.51667,88
33.525,89
33.53333,89
33.54167,89
33.55,89
33.55833,89
33.56667,89
33.575,89
33.58333,89
33.59167,89
33.6,89
33.60833,89
33.61667,88
33.625,88
33.63333,88
33.64167,88
33.65,89
33.65833,89
33.66667,89
33.675,89
33.68333,89
33.69167,89
33.7,89
33.70833,89
33.71667,89
33.725,89
33.73333,89
33.74167,89
33.75,89
33.75833,89
33.76667,89
33.775,89
33.78333,89
33.79167,89
33.8,89
33.80833,90
33.81667,90
33.825,90
33.83333,90
33.84167,90
33.85,90
33.85833,90
33.86667,90
33.875,90
33.88333,90
33.89167,90
33.9,90
33.90833,90
33.91667,90
33.925,90
33.93333,90
33.94167,90
33.95,90
33.95833,90
33.96667,90
33.975,89
33.98333,89
33.99167,89
34.0,89
34.00833,89
34.01667,89
34.025,89
34.03333,89
34.04167,89
34.05,89
34.05833,90
34.06667,90
34.075,90
34.08333,90
34.09167,90
34.1,90
34.10833,90
34.11667,90
34.125,90
34.13333,90
34.14167,90
34.15,90
34.15833,90
34.16667,90
34.175,90
34.18333,90
34.19167,90
34.2,90
34.20833,90
34.21667,90
34.225,90
34.23333,90
34.24167,90
34.25,90
34.25833,90
34.26667,90
34.275,90
34.28333,90
34.29167,90
34.3,89
34.30833,89
34.31667,89
34.325,89
34.33333,88
34.34167,88
34.35,88
34.35833,88
34.36667,88
34.375,88
34.38333,89
34.39167,89
34.4,89
34.40833,89
34.41667,89
34.425,89
34.43333,89
34.44167,90
34.45,90
34.45833,90
34.46667,90
34.475,90
34.48333,90
34.49167,89
34.5,89
34.50833,89
34.51667,89
34.525,89
34.53333,89
34.54167,89
34.55,89
34.55833,89
34.56667,90
34.575,90
34.58333,90
34.59167,89
34.6,89
34.60833,89
34.61667,89
34.625,89
34.63333,89
34.64167,89
34.65,89
34.65833,88
34.66667,88
34.675,88
34.68333,88
34.69167,88
34.7,88
34.70833,88
34.71667,88
34.725,87
34.73333,87
34.74167,87
34.75,87
34.75833,86
34.76667,87
34.775,87
34.78333,87
34.79167,87
34.8,87
34.80833,87
34.81667,87
34.825,87
34.83333,87
34.84167,87
34.85,87
34.85833,87
34.86667,86
34.875,86
34.88333,86
34.89167,86
34.9,86
34.90833,86
34.91667,86
34.925,87
34.93333,87
34.94167,87
34.95,87
34.95833,87
34.96667,86
34.975,86
34.98333,87
34.99167,87
35.0,87
35.00833,87
35.01667,86
35.025,86
35.03333,86
35.04167,86
35.05,86
35.05833,86
35.06667,86
35.075,85
35.08333,85
35.09167,85
35.1,85
35.10833,85
35.11667,85
35.125,85
35.13333,85
35.14167,85
35.15,85
35.15833,85
35.16667,85
35.175,85
35.18333,85
35.19167,84
35.2,84
35.20833,84
35.21667,84
35.225,84
35.23333,84
35.24167,84
35.25,84
35.25833,84
35.26667,84
35.275,83
35.28333,83
35.29167,84
35.3,84
35.30833,84
35.31667,83
35.325,83
35.33333,84
35.34167,84
35.35,83
35.35833,83
35.36667,83
35.375,83
35.38333,83
35.39167,83
35.4,83
35.40833,83
35.41667,82
35.425,82
35.43333,82
35.44167,82
35.45,82
35.45833,83
35.46667,83
35.475,83
35.48333,82
35.49167,82
35.5,82
35.50833,82
35.51667,82
35.525,82
35.53333,82
35.54167,82
35.55,82
35.55833,82
35.56667,82
35.575,82
35.58333,82
35.59167,82
35.6,82
35.60833,82
35.61667,82
35.625,82
35.63333,82
35.64167,81
35.65,81
35.65833,81
35.66667,81
35.675,81
35.68333,81
35.69167,81
35.7,81
35.70833,81
35.71667,81
35.725,81
35.73333,82
35.74167,82
35.75,81
35.75833,81
35.76667,81
35.775,81
35.78333,81
35.79167,81
35.8,81
35.80833,81
35.81667,81
35.825,80
35.83333,80
35.84167,80
35.85,80
35.85833,80
35.86667,80
35.875,81
35.88333,81
35.89167,81
35.9,81
35.90833,81
35.91667,81
35.925,80
35.93333,80
35.94167,80
35.95,80
35.95833,80
35.96667,80
35.975,81
35.98333,81
35.99167,81
36.0,81
36.00833,81
36.01667,81
36.025,81
36.03333,81
36.04167,81
36.05,81
36.05833,81
36.06667,81
36.075,81
36.08333,81
36.09167,81
36.1,81
36.10833,81
36.11667,81
36.125,81
36.13333,82
36.14167,82
36.15,82
36.15833,82
36.16667,82
36.175,82
36.18333,82
36.19167,83
36.2,83
36.20833,83
36.21667,83
36.225,83
36.23333,83
36.24167,83
36.25,83
36.25833,83
36.26667,83
36.275,83
36.28333,82
36.29167,83
36.3,83
36.30833,83
36.31667,84
36.325,84
36.33333,84
36.34167,84
36.35,84
36.35833,84
36.36667,85
36.375,85
36.38333,85
36.39167,85
36.4,85
36.40833,85
36.41667,85
36.425,85
36.43333,85
36.44167,85
36.45,86
36.45833,86
36.46667,86
36.475,86
36.48333,86
36.49167,86
36.5,86
36.50833,86
36.51667,86
36.525,87
36.53333,87
36.54167,87
36.55,87
36.55833,88
36.56667,88
36.575,88
36.58333,88
36.59167,88
36.6,88
36.60833,88
36.61667,89
36.625,89
36.63333,89
36.64167,89
36.65,89
36.65833,90
36.66667,89
36.675,89
36.68333,89
36.69167,89
36.7,89
36.70833,90
36.71667,90
36.725,90
36.73333,91
36.74167,91
36.75,91
36.75833,91
36.76667,91
36.775,91
36.78333,91
36.79167,91
36.8,91
36.80833,91
36.81667,91
36.825,92
36.83333,91
36.84167,91
36.85,91
36.85833,91
36.86667,91
36.875,91
36.88333,92
36.89167,92
36.9,92
36.90833,92
36.91667,92
36.925,93
36.93333,93
36.94167,93
36.95,93
36.95833,93
36.96667,93
36.975,94
36.98333,94
36.99167,94
37.0,94
37.00833,94
37.01667,94
37.025,94
37.03333,94
37.04167,94
37.05,94
37.05833,94
37.06667,94
37.075,94
37.08333,94
37.09167,95
37.1,94
37.10833,94
37.11667,94
37.125,94
37.13333,94
37.14167,94
37.15,94
37.15833,94
37.16667,94
37.175,94
37.18333,94
37.19167,94
37.2,94
37.20833,94
37.21667,94
37.225,94
37.23333,94
37.24167,94
37.25,94
37.25833,94
37.26667,94
37.275,94
37.28333,95
37.29167,95
37.3,95
37.30833,95
37.31667,95
37.325,95
37.33333,95
37.34167,95
37.35,95
37.35833,95
37.36667,95
37.375,95
37.38333,96
37.39167,95
37.4,95
37.40833,95
37.41667,95
37.425,95
37.43333,95
37.44167,95
37.45,95
37.45833,94
37.46667,94
37.475,94
37.48333,94
37.49167,94
37.5,94
37.50833,94
37.51667,94
37.525,94
37.53333,95
37.54167,95
37.55,95
37.55833,95
37.56667,95
37.575,95
37.58333,95
37.59167,95
37.6,95
37.60833,95
37.61667,95
37.625,95
37.63333,95
37.64167,95
37.65,95
37.65833,95
37.66667,95
37.675,95
37.68333,94
37.69167,94
37.7,94
37.70833,94
37.71667,94
37.725,94
37.73333,94
37.74167,94
37.75,94
37.75833,94
37.76667,94
37.775,94
37.78333,94
37.79167,94
37.8,94
37.80833,93
37.81667,93
37.825,93
37.83333,93
37.84167,92
37.85,92
37.85833,92
37.86667,92
37.875,92
37.88333,92
37.89167,92
37.9,92
37.90833,92
37.91667,92
37.925,91
37.93333,91
37.94167,91
37.95,91
37.95833,91
37.96667,90
37.975,90
37.98333,91
37.99167,91
38.0,91
38.00833,90
38.01667,90
38.025,90
38.03333,90
38.04167,90
38.05,90
38.05833,90
38.06667,90
38.075,90
38.08333,90
38.09167,90
38.1,89
38.10833,89
38.11667,89
38.125,89
38.13333,89
38.14167,89
38.15,89
38.15833,89
38.16667,89
38.175,89
38.18333,89
38.19167,89
38.2,89
38.20833,88
38.21667,88
38.225,88
38.23333,87
38.24167,87
38.25,87
38.25833,87
38.26667,87
38.275,87
38.28333,87
38.29167,87
38.3,87
38.30833,87
38.31667,87
38.325,87
38.33333,87
38.34167,87
38.35,87
38.35833,87
38.36667,86
38.375,86
38.38333,86
38.39167,86
38.4,85
38.40833,85
38.41667,86
38.425,86
38.43333,86
38.44167,86
38.45,85
38.45833,85
38.46667,85
38.475,85
38.48333,85
38.49167,84
38.5,84
38.50833,84
38.51667,85
38.525,85
38.53333,85
38.54167,85
38.55,85
38.55833,84
38.56667,84
38.575,84
38.58333,84
38.59167,84
38.6,84
38.60833,84
38.61667,84
38.625,84
38.63333,84
38.64167,84
38.65,84
38.65833,84
38.66667,84
38.675,84
38.68333,84
38.69167,83
38.7,83
38.70833,83
38.71667,83
38.725,82
38.73333,82
38.74167,82
38.75,82
38.75833,82
38.76667,82
38.775,82
38.78333,82
38.79167,82
38.8,83
38.80833,83
38.81667,83
38.825,83
38.83333,83
38.84167,83
38.85,83
38.85833,83
38.86667,83
38.875,83
38.88333,83
38.89167,83
38.9,83
38.90833,83
38.91667,83
38.925,83
38.93333,82
38.94167,82
38.95,81
38.95833,81
38.96667,81
38.975,81
38.98333,81
38.99167,82
39.0,82
39.00833,82
39.01667,82
39.025,82
39.03333,82
39.04167,82
39.05,82
39.05833,82
39.06667,82
39.075,82
39.08333,82
39.09167,82
39.1,82
39.10833,81
39.11667,81
39.125,81
39.13333,81
39.14167,81
39.15,81
39.15833,81
39.16667,81
39.175,81
39.18333,81
39.19167,81
39.2,81
39.20833,81
39.21667,81
39.225,81
39.23333,81
39.24167,81
39.25,81
39.25833,81
39.26667,81
39.275,80
39.28333,80
39.29167,80
39.3,80
39.30833,80
39.31667,80
39.325,81
39.33333,81
39.34167,81
39.35,81
39.35833,81
39.36667,81
39.375,80
39.38333,80
39.39167,80
39.4,80
39.40833,80
39.41667,80
39.425,80
39.43333,80
39.44167,81
39.45,81
39.45833,81
39.46667,81
39.475,81
39.48333,81
39.49167,81
39.5,81
39.50833,81
39.51667,81
39.525,81
39.53333,81
39.54167,81
39.55,82
39.55833,82
39.56667,82
39.575,81
39.58333,81
39.59167,81
39.6,81
39.60833,81
39.61667,81
39.625,81
39.63333,81
39.64167,81
39.65,81
39.65833,81
39.66667,81
39.675,81
39.68333,81
39.69167,81
39.7,81
39.70833,82
39.71667,82
39.725,82
39.73333,81
39.74167,81
39.75,81
39.75833,81
39.76667,82
39.775,82
39.78333,82
39.79167,82
39.8,82
39.80833,82
39.81667,82
39.825,82
39.83333,82
39.84167,82
39.85,82
39.85833,82
39.86667,82
39.875,81
39.88333,81
39.89167,81
39.9,81
39.90833,81
39.91667,81
39.925,81
39.93333,81
39.94167,81
39.95,81
39.95833,81
39.96667,81
39.975,81
39.98333,80
39.99167,80
40.0,80
40.00833,80
40.01667,81
40.025,81
40.03333,81
40.04167,81
40.05,82
40.05833,82
40.06667,82
40.075,82
40.08333,82
40.09167,82
40.1,82
40.10833,82
40.11667,82
40.125,82
40.13333,82
40.14167,82
40.15,82
40.15833,82
40.16667,81
40.175,81
40.18333,81
40.19167,81
40.2,81
40.20833,82
40.21667,82
40.225,82
40.23333,82
40.24167,81
40.25,81
40.25833,81
40.26667,81
40.275,81
40.28333,80
40.29167,80
40.3,81
40.30833,81
40.31667,82
40.325,82
40.33333,82
40.34167,82
40.35,82
40.35833,82
40.36667,82
40.375,82
40.38333,82
40.39167,81
40.4,81
40.40833,81
40.41667,82
40.425,82
40.43333,82
40.44167,83
40.45,83
40.45833,83
40.46667,83
40.475,83
40.48333,83
40.49167,83
40.5,83
40.50833,83
40.51667,83
40.525,82
40.53333,82
40.54167,83
40.55,83
40.55833,83
40.56667,83
40.575,83
40.58333,83
40.59167,83
40.6,83
40.60833,82
40.61667,82
40.625,82
40.63333,82
40.64167,83
40.65,82
40.65833,82
40.66667,83
40.675,83
40.68333,83
40.69167,84
40.7,84
40.70833,84
40.71667,84
40.725,84
40.73333,84
40.74167,84
40.75,84
40.75833,84
40.76667,84
40.775,84
40.78333,84
40.79167,84
40.8,84
40.80833,84
40.81667,84
40.825,84
40.83333,84
40.84167,84
40.85,84
40.85833,84
40.86667,84
40.875,84
40.88333,84
40.89167,84
40.9,84
40.90833,84
40.91667,84
40.925,84
40.93333,84
40.94167,84
40.95,84
40.95833,84
40.96667,84
40.975,84
40.98333,84
40.99167,84
41.0,84
41.00833,84
41.01667,84
41.025,84
41.03333,84
41.04167,84
41.05,84
41.05833,85
41.06667,85
41.075,85
41.08333,85
41.09167,85
41.1,85
41.10833,85
41.11667,85
41.125,86
41.13333,86
41.14167,86
41.15,86
41.15833,85
41.16667,85
41.175,85
41.18333,85
41.19167,85
41.2,85
41.20833,86
41.21667,86
41.225,85
41.23333,85
41.24167,85
41.25,85
41.25833,85
41.26667,85
41.275,85
41.28333,85
41.29167,85
41.3,85
41.30833,85
41.31667,85
41.325,86
41.33333,86
41.34167,86
41.35,86
41.35833,86
41.36667,86
41.375,86
41.38333,86
41.39167,86
41.4,86
41.40833,86
41.41667,86
41.425,86
41.43333,86
41.44167,86
41.45,86
41.45833,87
41.46667,87
41.475,87
41.48333,87
41.49167,87
41.5,87
41.50833,87
41.51667,87
41.525,87
41.53333,87
41.54167,86
41.55,86
41.55833,86
41.56667,86
41.575,86
41.58333,86
41.59167,86
41.6,86
41.60833,86
41.61667,86
41.625,86
41.63333,86
41.64167,86
41.65,86
41.65833,86
41.66667,87
41.675,87
41.68333,87
41.69167,87
41.7,86
41.70833,86
41.71667,86
41.725,86
41.73333,86
41.74167,87
41.75,87
41.75833,87
41.76667,87
41.775,87
41.78333,87
41.79167,87
41.8,87
41.80833,87
41.81667,87
41.825,87
41.83333,86
41.84167,86
41.85,86
41.85833,86
41.86667,86
41.875,86
41.88333,86
41.89167,87
41.9,87
41.90833,86
41.91667,86
41.925,87
41.93333,87
41.94167,87
41.95,86
41.95833,86
41.96667,87
41.975,87
41.98333,87
41.99167,87
42.0,87
42.00833,87
42.01667,87
42.025,87
42.03333,87
42.04167,87
42.05,87
42.05833,87
42.06667,87
42.075,87
42.08333,87
42.09167,87
42.1,87
42.10833,87
42.11667,87
42.125,87
42.13333,87
42.14167,87
42.15,87
42.15833,87
42.16667,87
42.175,87
42.18333,87
42.19167,87
42.2,88
42.20833,88
42.21667,88
42.225,87
42.23333,87
42.24167,87
42.25,88
42.25833,88
42.26667,88
42.275,88
42.28333,88
42.29167,88
42.3,88
42.30833,88
42.31667,88
42.325,88
42.33333,88
42.34167,88
42.35,88
42.35833,88
42.36667,88
42.375,88
42.38333,88
42.39167,88
42.4,88
42.40833,88
42.41667,88
42.425,89
42.43333,89
42.44167,89
42.45,89
42.45833,89
42.46667,90
42.475,90
42.48333,90
42.49167,90
42.5,90
42.50833,90
42.51667,89
42.525,89
42.53333,89
42.54167,89
42.55,89
42.55833,89
42.56667,89
42.575,90
42.58333,90
42.59167,90
42.6,90
42.60833,90
42.61667,89
42.625,89
42.63333,89
42.64167,88
42.65,88
42.65833,88
42.66667,89
42.675,89
42.68333,89
42.69167,89
42.7,89
42.70833,89
42.71667,89
42.725,89
42.73333,89
42.74167,90
42.75,90
42.75833,90
42.76667,90
42.775,90
42.78333,90
42.79167,90
42.8,90
42.80833,90
42.81667,90
42.825,89
42.83333,89
42.84167,90
42.85,90
42.85833,90
42.86667,90
42.875,89
42.88333,89
42.89167,89
42.9,89
42.90833,89
42.91667,89
42.925,90
42.93333,90
42.94167,90
42.95,90
42.95833,90
42.96667,90
42.975,90
42.98333,90
42.99167,90
43.0,90
43.00833,90
43.01667,90
43.025,90
43.03333,90
43.04167,90
43.05,91
43.05833,91
43.06667,91
43.075,91
43.08333,91
43.09167,91
43.1,91
43.10833,90
43.11667,90
43.125,90
43.13333,90
43.14167,90
43.15,90
43.15833,90
43.16667,90
43.175,90
43.18333,90
43.19167,90
43.2,90
43.20833,90
43.21667,90
43.225,90
43.23333,90
43.24167,91
43.25,91
43.25833,91
43.26667,90
43.275,90
43.28333,90
43.29167,90
43.3,90
43.30833,90
43.31667,90
43.325,90
43.33333,90
43.34167,90
43.35,90
43.35833,90
43.36667,90
43.375,90
43.38333,91
43.39167,91
43.4,91
43.40833,90
43.41667,90
43.425,90
43.43333,90
43.44167,90
43.45,90
43.45833,90
43.46667,90
43.475,90
43.48333,90
43.49167,90
43.5,90
43.50833,90
43.51667,91
43.525,91
43.53333,91
43.54167,91
43.55,92
43.55833,92
43.56667,92
43.575,92
43.58333,92
43.59167,91
43.6,91
43.60833,90
43.61667,90
43.625,90
43.63333,90
43.64167,90
43.65,90
43.65833,90
43.66667,90
43.675,90
43.68333,90
43.69167,90
43.7,90
43.70833,90
43.71667,90
43.725,90
43.73333,90
43.74167,90
43.75,91
43.75833,91
43.76667,91
43.775,91
43.78333,91
43.79167,91
43.8,91
43.80833,90
43.81667,90
43.825,91
43.83333,91
43.84167,91
43.85,91
43.85833,91
43.86667,91
43.875,90
43.88333,90
43.89167,91
43.9,91
43.90833,91
43.91667,91
43.925,91
43.93333,91
43.94167,91
43.95,91
43.95833,91
43.96667,91
43.975,90
43.98333,91
43.99167,91
44.0,91
44.00833,91
44.01667,91
44.025,91
44.03333,91
44.04167,91
44.05,91
44.05833,92
44.06667,92
44.075,92
44.08333,92
44.09167,92
44.1,92
44.10833,92
44.11667,92
44.125,92
44.13333,92
44.14167,92
44.15,92
44.15833,91
44.16667,91
44.175,91
44.18333,91
44.19167,91
44.2,91
44.20833,91
44.21667,91
44.225,92
44.23333,92
44.24167,92
44.25,92
44.25833,92
44.26667,92
44.275,92
44.28333,92
44.29167,92
44.3,92
44.30833,92
44.31667,92
44.325,92
44.33333,91
44.34167,91
44.35,91
44.35833,91
44.36667,91
44.375,91
44.38333,92
44.39167,92
44.4,91
44.40833,91
44.41667,91
44.425,91
44.43333,91
44.44167,91
44.45,91
44.45833,90
44.46667,90
44.475,91
44.48333,91
44.49167,91
44.5,91
44.50833,91
44.51667,91
44.525,92
44.53333,92
44.54167,92
44.55,92
44.55833,92
44.56667,92
44.575,92
44.58333,92
44.59167,92
44.6,92
44.60833,92
44.61667,92
44.625,91
44.63333,91
44.64167,91
44.65,91
44.65833,91
44.66667,92
44.675,92
44.68333,92
44.69167,92
44.7,92
44.70833,92
44.71667,92
44.725,92
44.73333,92
44.74167,92
44.75,92
44.75833,92
44.76667,92
44.775,92
44.78333,92
44.79167,92
44.8,92
44.80833,92
44.81667,92
44.825,91
44.83333,92
44.84167,92
44.85,92
44.85833,92
44.86667,92
44.875,92
44.88333,92
44.89167,92
44.9,91
44.90833,91
44.91667,91
44.925,91
44.93333,91
44.94167,91
44.95,91
44.95833,91
44.96667,91
44.975,91
44.98333,91
44.99167,91
45.0,91
45.00833,91
45.01667,91
45.025,91
45.03333,90
45.04167,90
45.05,91
45.05833,91
45.06667,91
45.075,92
45.08333,92
45.09167,92
45.1,92
45.10833,92
45.11667,92
45.125,91
45.13333,91
45.14167,91
45.15,91
45.15833,90
45.16667,90
45.175,90
45.18333,90
45.19167,90
45.2,91
45.20833,91
45.21667,91
45.225,91
45.23333,91
45.24167,92
45.25,92
45.25833,92
45.26667,91
45.275,91
45.28333,91
45.29167,91
45.3,91
45.30833,92
45.31667,92
45.325,91
45.33333,91
45.34167,91
45.35,91
45.35833,91
45.36667,91
45.375,91
45.38333,91
45.39167,91
45.4,91
45.40833,91
45.41667,91
45.425,91
45.43333,91
45.44167,91
45.45,91
45.45833,91
45.46667,91
45.475,91
45.48333,91
45.49167,91
45.5,91
45.50833,90
45.51667,90
45.525,90
45.53333,91
45.54167,91
45.55,91
45.55833,91
45.56667,91
45.575,91
45.58333,91
45.59167,91
45.6,91
45.60833,91
45.61667,91
45.625,91
45.63333,91
45.64167,91
45.65,91
45.65833,91
45.66667,91
45.675,91
45.68333,91
45.69167,90
45.7,90
45.70833,90
45.71667,90
45.725,91
45.73333,91
45.74167,91
45.75,91
45.75833,92
45.76667,92
45.775,91
45.78333,91
45.79167,91
45.8,90
45.80833,90
45.81667,90
45.825,90
45.83333,90
45.84167,90
45.85,90
45.85833,91
45.86667,91
45.875,91
45.88333,91
45.89167,91
45.9,91
45.90833,91
45.91667,91
45.925,91
45.93333,91
45.94167,91
45.95,91
45.95833,91
45.96667,90
45.975,90
45.98333,90
45.99167,90
46.0,91
46.00833,91
46.01667,91
46.025,91
46.03333,91
46.04167,91
46.05,91
46.05833,91
46.06667,91
46.075,90
46.08333,91
46.09167,91
46.1,91
46.10833,91
46.11667,91
46.125,92
46.13333,92
46.14167,92
46.15,91
46.15833,91
46.16667,91
46.175,91
46.18333,91
46.19167,91
46.2,91
46.20833,91
46.21667,91
46.225,91
46.23333,91
46.24167,91
46.25,91
46.25833,91
46.26667,91
46.275,91
46.28333,91
46.29167,91
46.3,91
46.30833,91
46.31667,90
46.325,90
46.33333,91
46.34167,90
46.35,90
46.35833,90
46.36667,91
46.375,91
46.38333,91
46.39167,91
46.4,92
46.40833,92
46.41667,92
46.425,92
46.43333,92
46.44167,92
46.45,92
46.45833,92
46.46667,91
46.475,91
46.48333,91
46.49167,91
46.5,91
46.50833,91
46.51667,90
46.525,91
46.53333,91
46.54167,91
46.55,91
46.55833,91
46.56667,92
46.575,92
46.58333,92
46.59167,92
46.6,92
46.60833,92
46.61667,92
46.625,92
46.63333,92
46.64167,92
46.65,92
46.65833,91
46.66667,91
46.675,91
46.68333,91
46.69167,92
46.7,92
46.70833,92
46.71667,92
46.725,92
46.73333,92
46.74167,91
46.75,91
46.75833,91
46.76667,91
46.775,91
46.78333,91
46.79167,91
46.8,91
46.80833,91
46.81667,91
46.825,91
46.83333,91
46.84167,91
46.85,92
46.85833,92
46.86667,92
46.875,92
46.88333,92
46.89167,92
46.9,92
46.90833,92
46.91667,92
46.925,92
46.93333,92
46.94167,92
46.95,91
46.95833,91
46.96667,91
46.975,91
46.98333,91
46.99167,91
47.0,91
47.00833,91
47.01667,92
47.025,92
47.03333,92
47.04167,92
47.05,92
47.05833,92
47.06667,92
47.075,92
47.08333,92
47.09167,92
47.1,92
47.10833,91
47.11667,92
47.125,92
47.13333,92
47.14167,92
47.15,92
47.15833,92
47.16667,92
47.175,92
47.18333,91
47.19167,91
47.2,91
47.20833,91
47.21667,92
47.225,92
47.23333,92
47.24167,92
47.25,92
47.25833,91
47.26667,91
47.275,91
47.28333,91
47.29167,91
47.3,91
47.30833,91
47.31667,91
47.325,91
47.33333,92
47.34167,92
47.35,91
47.35833,91
47.36667,91
47.375,91
47.38333,91
47.39167,91
47.4,91
47.40833,91
47.41667,91
47.425,92
47.43333,92
47.44167,92
47.45,92
47.45833,92
47.46667,92
47.475,92
47.48333,92
47.49167,92
47.5,92
47.50833,92
47.51667,92
47.525,92
47.53333,92
47.54167,92
47.55,92
47.55833,92
47.56667,93
47.575,93
47.58333,92
47.59167,92
47.6,92
47.60833,92
47.61667,92
47.625,92
47.63333,92
47.64167,92
47.65,92
47.65833,92
47.66667,92
47.675,92
47.68333,92
47.69167,92
47.7,92
47.70833,93
47.71667,92
47.725,93
47.73333,93
47.74167,93
47.75,93
47.75833,92
47.76667,92
47.775,92
47.78333,92
47.79167,92
47.8,92
47.80833,92
47.81667,92
47.825,92
47.83333,92
47.84167,92
47.85,92
47.85833,92
47.86667,92
47.875,92
47.88333,92
47.89167,92
47.9,92
47.90833,93
47.91667,93
47.925,93
47.93333,93
47.94167,93
47.95,94
47.95833,93
47.96667,93
47.975,93
47.98333,93
47.99167,92
48.0,92
48.00833,92
48.01667,92
48.025,92
48.03333,93
48.04167,92
48.05,92
48.05833,92
48.06667,92
48.075,92
48.08333,93
48.09167,93
48.1,93
48.10833,93
48.11667,93
48.125,93
48.13333,93
48.14167,93
48.15,93
48.15833,93
48.16667,93
48.175,93
48.18333,93
48.19167,93
48.2,93
48.20833,93
48.21667,93
48.225,93
48.23333,92
48.24167,92
48.25,92
48.25833,92
48.26667,92
48.275,92
48.28333,92
48.29167,92
48.3,92
48.30833,92
48.31667,92
48.325,92
48.33333,92
48.34167,92
48.35,92
48.35833,92
48.36667,92
48.375,92
48.38333,92
48.39167,92
48.4,92
48.40833,92
48.41667,92
48.425,92
48.43333,92
48.44167,93
48.45,93
48.45833,93
48.46667,94
48.475,94
48.48333,94
48.49167,94
48.5,93
48.50833,93
48.51667,93
48.525,93
48.53333,93
48.54167,93
48.55,93
48.55833,94
48.56667,94
48.575,93
48.58333,93
48.59167,93
48.6,93
48.60833,93
48.61667,93
48.625,93
48.63333,93
48.64167,94
48.65,93
48.65833,93
48.66667,93
48.675,93
48.68333,93
48.69167,94
48.7,94
48.70833,93
48.71667,93
48.725,94
48.73333,94
48.74167,94
48.75,94
48.75833,94
48.76667,94
48.775,93
48.78333,93
48.79167,93
48.8,93
48.80833,93
48.81667,93
48.825,92
48.83333,92
48.84167,92
48.85,92
48.85833,92
48.86667,92
48.875,92
48.88333,92
48.89167,92
48.9,92
48.90833,93
48.91667,93
48.925,92
48.93333,92
48.94167,92
48.95,92
48.95833,92
48.96667,93
48.975,93
48.98333,92
48.99167,92
49.0,92
49.00833,92
49.01667,92
49.025,93
49.03333,93
49.04167,93
49.05,93
49.05833,93
49.06667,93
49.075,93
49.08333,93
49.09167,93
49.1,93
49.10833,93
49.11667,93
49.125,93
49.13333,92
49.14167,92
49.15,92
49.15833,93
49.16667,93
49.175,93
49.18333,93
49.19167,93
49.2,93
49.20833,93
49.21667,93
49.225,93
49.23333,92
49.24167,92
49.25,92
49.25833,92
49.26667,92
49.275,92
49.28333,93
49.29167,93
49.3,93
49.30833,93
49.31667,93
49.325,93
49.33333,93
49.34167,93
49.35,93
49.35833,93
49.36667,93
49.375,93
49.38333,93
49.39167,93
49.4,93
49.40833,93
49.41667,93
49.425,93
49.43333,92
49.44167,92
49.45,92
49.45833,92
49.46667,92
49.475,92
49.48333,93
49.49167,93
49.5,93
49.50833,93
49.51667,94
49.525,94
49.53333,94
49.54167,94
49.55,94
49.55833,94
49.56667,94
49.575,93
49.58333,93
49.59167,93
49.6,93
49.60833,93
49.61667,94
49.625,93
49.63333,93
49.64167,93
49.65,93
49.65833,93
49.66667,93
49.675,93
49.68333,93
49.69167,93
49.7,93
49.70833,93
49.71667,93
49.725,93
49.73333,93
49.74167,93
49.75,93
49.75833,93
49.76667,93
49.775,93
49.78333,93
49.79167,93
49.8,93
49.80833,93
49.81667,92
49.825,92
49.83333,92
49.84167,93
49.85,93
49.85833,93
49.86667,93
49.875,93
49.88333,93
49.89167,93
49.9,93
49.90833,92
49.91667,92
49.925,92
49.93333,92
49.94167,92
49.95,92
49.95833,92
49.96667,92
49.975,92
49.98333,93
49.99167,93
50.0,93
