time,signal
0.00000,-1
0.00833,-1
0.01667,-0
0.02500,0
0.03333,0
0.04167,1
0.05000,1
0.05833,1
0.06667,1
0.07500,1
0.08333,1
0.09167,2
0.10000,2
0.10833,2
0.11667,1
0.12500,1
0.13333,1
0.14167,1
0.15000,1
0.15833,1
0.16667,0
0.17500,0
0.18333,0
0.19167,0
0.20000,1
0.20833,1
0.21667,1
0.22500,1
0.23333,1
0.24167,1
0.25000,1
0.25833,1
0.26667,1
0.27500,1
0.28333,1
0.29167,1
0.30000,1
0.30833,1
0.31667,0
0.32500,0
0.33333,0
0.34167,0
0.35000,1
0.35833,1
0.36667,1
0.37500,1
0.38333,0
0.39167,0
0.40000,0
0.40833,1
0.41667,1
0.42500,0
0.43333,0
0.44167,0
0.45000,0
0.45833,1
0.46667,1
0.47500,1
0.48333,1
0.49167,0
0.50000,0
0.50833,1
0.51667,0
0.52500,0
0.53333,1
0.54167,1
0.55000,2
0.55833,2
0.56667,2
0.57500,2
0.58333,2
0.59167,1
0.60000,1
0.60833,1
0.61667,1
0.62500,1
0.63333,1
0.64167,1
0.65000,1
0.65833,1
0.66667,2
0.67500,1
0.68333,1
0.69167,1
0.70000,1
0.70833,1
0.71667,0
0.72500,0
0.73333,1
0.74167,1
0.75000,1
0.75833,1
0.76667,0
0.77500,0
0.78333,1
0.79167,1
0.80000,1
0.80833,1
0.81667,1
0.82500,1
0.83333,1
0.84167,1
0.85000,1
0.85833,1
0.86667,1
0.87500,1
0.88333,1
0.89167,1
0.90000,1
0.90833,1
0.91667,1
0.92500,1
0.93333,1
0.94167,2
0.95000,2
0.95833,2
0.96667,2
0.97500,2
0.98333,2
0.99167,2
1.00000,2
1.00833,2
1.01667,1
1.02500,1
1.03333,1
1.04167,1
1.05000,1
1.05833,1
1.06667,1
1.07500,1
1.08333,1
1.09167,1
1.10000,1
1.10833,1
1.11667,1
1.12500,1
1.13333,1
1.14167,1
1.15000,0
1.15833,0
1.16667,1
1.17500,1
1.18333,1
1.19167,1
1.20000,1
1.20833,1
1.21667,1
1.22500,2
1.23333,1
1.24167,1
1.25000,1
1.25833,1
1.26667,1
1.27500,1
1.28333,1
1.29167,1
1.30000,1
1.30833,1
1.31667,1
1.32500,1
1.33333,1
1.34167,1
1.35000,1
1.35833,1
1.36667,2
1.37500,2
1.38333,2
1.39167,1
1.40000,1
1.40833,1
1.41667,1
1.42500,2
1.43333,1
1.44167,1
1.45000,1
1.45833,1
1.46667,1
1.47500,1
1.48333,1
1.49167,1
1.50000,1
1.50833,1
1.51667,1
1.52500,1
1.53333,1
1.54167,1
1.55000,1
1.55833,1
1.56667,1
1.57500,2
1.58333,2
1.59167,2
1.60000,2
1.60833,2
1.61667,2
1.62500,2
1.63333,1
1.64167,1
1.65000,1
1.65833,2
1.66667,2
1.67500,2
1.68333,2
1.69167,2
1.70000,2
1.70833,2
1.71667,2
1.72500,2
1.73333,1
1.74167,1
1.75000,1
1.75833,2
1.76667,2
1.77500,3
1.78333,3
1.79167,2
1.80000,2
1.80833,1
1.81667,1
1.82500,1
1.83333,1
1.84167,1
1.85000,1
1.85833,1
1.86667,1
1.87500,0
1.88333,0
1.89167,0
1.90000,1
1.90833,1
1.91667,1
1.92500,1
1.93333,1
1.94167,1
1.95000,1
1.95833,1
1.96667,2
1.97500,2
1.98333,2
1.99167,2
2.00000,2
2.00833,2
2.01667,2
2.02500,2
2.03333,2
2.04167,2
2.05000,2
2.05833,2
2.06667,2
2.07500,2
2.08333,2
2.09167,1
2.10000,1
2.10833,2
2.11667,2
2.12500,1
2.13333,1
2.14167,1
2.15000,1
2.15833,1
2.16667,1
2.17500,1
2.18333,1
2.19167,1
2.20000,1
2.20833,1
2.21667,1
2.22500,2
2.23333,2
2.24167,2
2.25000,2
2.25833,2
2.26667,2
2.27500,2
2.28333,2
2.29167,2
2.30000,1
2.30833,1
2.31667,1
2.32500,1
2.33333,2
2.34167,2
2.35000,2
2.35833,2
2.36667,2
2.37500,2
2.38333,2
2.39167,2
2.40000,2
2.40833,2
2.41667,2
2.42500,2
2.43333,3
2.44167,2
2.45000,2
2.45833,2
2.46667,2
2.47500,3
2.48333,2
2.49167,2
2.50000,2
2.50833,2
2.51667,1
2.52500,1
2.53333,1
2.54167,1
2.55000,2
2.55833,2
2.56667,2
2.57500,2
2.58333,2
2.59167,2
2.60000,2
2.60833,2
2.61667,2
2.62500,2
2.63333,2
2.64167,2
2.65000,2
2.65833,2
2.66667,2
2.67500,2
2.68333,2
2.69167,2
2.70000,2
2.70833,2
2.71667,2
2.72500,2
2.73333,2
2.74167,2
2.75000,2
2.75833,2
2.76667,2
2.77500,2
2.78333,2
2.79167,2
2.80000,2
2.80833,2
2.81667,3
2.82500,3
2.83333,2
2.84167,2
2.85000,2
2.85833,2
2.86667,2
2.87500,2
2.88333,2
2.89167,2
2.90000,2
2.90833,2
2.91667,2
2.92500,2
2.93333,2
2.94167,2
2.95000,2
2.95833,1
2.96667,1
2.97500,1
2.98333,1
2.99167,1
3.00000,1
3.00833,1
3.01667,1
3.02500,1
3.03333,1
3.04167,1
3.05000,1
3.05833,1
3.06667,2
3.07500,2
3.08333,2
3.09167,2
3.10000,2
3.10833,1
3.11667,1
3.12500,2
3.13333,2
3.14167,2
3.15000,2
3.15833,2
3.16667,2
3.17500,2
3.18333,2
3.19167,2
3.20000,2
3.20833,1
3.21667,2
3.22500,1
3.23333,1
3.24167,2
3.25000,1
3.25833,2
3.26667,2
3.27500,2
3.28333,2
3.29167,2
3.30000,2
3.30833,3
3.31667,3
3.32500,2
3.33333,2
3.34167,2
3.35000,2
3.35833,2
3.36667,2
3.37500,2
3.38333,2
3.39167,2
3.40000,2
3.40833,2
3.41667,2
3.42500,2
3.43333,2
3.44167,2
3.45000,2
3.45833,2
3.46667,2
3.47500,2
3.48333,2
3.49167,2
3.50000,2
3.50833,2
3.51667,2
3.52500,2
3.53333,2
3.54167,2
3.55000,2
3.55833,2
3.56667,2
3.57500,2
3.58333,2
3.59167,2
3.60000,2
3.60833,2
3.61667,2
3.62500,2
3.63333,2
3.64167,2
3.65000,2
3.65833,2
3.66667,3
3.67500,3
3.68333,3
3.69167,2
3.70000,2
3.70833,2
3.71667,2
3.72500,2
3.73333,3
3.74167,3
3.75000,3
3.75833,3
3.76667,3
3.77500,3
3.78333,3
3.79167,3
3.80000,3
3.80833,3
3.81667,2
3.82500,2
3.83333,2
3.84167,2
3.85000,2
3.85833,2
3.86667,2
3.87500,2
3.88333,2
3.89167,2
3.90000,2
3.90833,2
3.91667,2
3.92500,3
3.93333,3
3.94167,3
3.95000,2
3.95833,2
3.96667,2
3.97500,2
3.98333,2
3.99167,2
4.00000,2
4.00833,2
4.01667,2
4.02500,2
4.03333,2
4.04167,2
4.05000,2
4.05833,2
4.06667,2
4.07500,2
4.08333,1
4.09167,1
4.10000,2
4.10833,2
4.11667,2
4.12500,2
4.13333,2
4.14167,2
4.15000,3
4.15833,3
4.16667,3
4.17500,3
4.18333,3
4.19167,3
4.20000,3
4.20833,3
4.21667,3
4.22500,3
4.23333,3
4.24167,3
4.25000,3
4.25833,3
4.26667,3
4.27500,2
4.28333,2
4.29167,2
4.30000,2
4.30833,2
4.31667,3
4.32500,3
4.33333,3
4.34167,2
4.35000,3
4.35833,3
4.36667,3
4.37500,3
4.38333,3
4.39167,3
4.40000,3
4.40833,3
4.41667,2
4.42500,2
4.43333,2
4.44167,2
4.45000,2
4.45833,2
4.46667,2
4.47500,2
4.48333,2
4.49167,2
4.50000,1
4.50833,1
4.51667,1
4.52500,1
4.53333,2
4.54167,2
4.55000,2
4.55833,2
4.56667,2
4.57500,2
4.58333,2
4.59167,2
4.60000,3
4.60833,3
4.61667,3
4.62500,3
4.63333,3
4.64167,3
4.65000,3
4.65833,3
4.66667,3
4.67500,3
4.68333,3
4.69167,3
4.70000,3
4.70833,3
4.71667,3
4.72500,3
4.73333,3
4.74167,3
4.75000,3
4.75833,3
4.76667,4
4.77500,3
4.78333,3
4.79167,3
4.80000,3
4.80833,3
4.81667,3
4.82500,3
4.83333,3
4.84167,3
4.85000,3
4.85833,4
4.86667,4
4.87500,4
4.88333,4
4.89167,3
4.90000,3
4.90833,3
4.91667,3
4.92500,3
4.93333,3
4.94167,3
4.95000,3
4.95833,3
4.96667,4
4.97500,4
4.98333,4
4.99167,4
5.00000,4
5.00833,4
5.01667,4
5.02500,4
5.03333,4
5.04167,4
5.05000,4
5.05833,4
5.06667,4
5.07500,4
5.08333,4
5.09167,4
5.10000,4
5.10833,4
5.11667,4
5.12500,4
5.13333,4
5.14167,4
5.15000,4
5.15833,4
5.16667,5
5.17500,5
5.18333,5
5.19167,4
5.20000,4
5.20833,4
5.21667,4
5.22500,4
5.23333,4
5.24167,4
5.25000,4
5.25833,4
5.26667,4
5.27500,3
5.28333,3
5.29167,3
5.30000,3
5.30833,3
5.31667,3
5.32500,3
5.33333,4
5.34167,4
5.35000,4
5.35833,4
5.36667,4
5.37500,5
5.38333,5
5.39167,5
5.40000,5
5.40833,5
5.41667,4
5.42500,4
5.43333,4
5.44167,4
5.45000,4
5.45833,4
5.46667,4
5.47500,4
5.48333,4
5.49167,4
5.50000,4
5.50833,4
5.51667,4
5.52500,4
5.53333,4
5.54167,4
5.55000,4
5.55833,4
5.56667,4
5.57500,4
5.58333,4
5.59167,4
5.60000,4
5.60833,4
5.61667,4
5.62500,4
5.63333,4
5.64167,4
5.65000,4
5.65833,4
5.66667,4
5.67500,3
5.68333,3
5.69167,3
5.70000,3
5.70833,3
5.71667,3
5.72500,3
5.73333,4
5.74167,4
5.75000,4
5.75833,5
5.76667,5
5.77500,5
5.78333,5
5.79167,4
5.80000,4
5.80833,4
5.81667,4
5.82500,4
5.83333,4
5.84167,4
5.85000,4
5.85833,4
5.86667,4
5.87500,4
5.88333,4
5.89167,4
5.90000,4
5.90833,4
5.91667,4
5.92500,4
5.93333,5
5.94167,5
5.95000,5
5.95833,5
5.96667,5
5.97500,5
5.98333,5
5.99167,5
6.00000,5
6.00833,5
6.01667,5
6.02500,5
6.03333,5
6.04167,4
6.05000,4
6.05833,3
6.06667,3
6.07500,3
6.08333,3
6.09167,3
6.10000,3
6.10833,4
6.11667,4
6.12500,4
6.13333,4
6.14167,4
6.15000,5
6.15833,5
6.16667,5
6.17500,6
6.18333,5
6.19167,5
6.20000,5
6.20833,5
6.21667,4
6.22500,4
6.23333,4
6.24167,4
6.25000,4
6.25833,4
6.26667,4
6.27500,4
6.28333,4
6.29167,4
6.30000,4
6.30833,4
6.31667,4
6.32500,5
6.33333,5
6.34167,5
6.35000,5
6.35833,5
6.36667,5
6.37500,5
6.38333,5
6.39167,5
6.40000,5
6.40833,5
6.41667,5
6.42500,6
6.43333,6
6.44167,6
6.45000,6
6.45833,5
6.46667,5
6.47500,5
6.48333,5
6.49167,5
6.50000,5
6.50833,4
6.51667,4
6.52500,4
6.53333,4
6.54167,4
6.55000,4
6.55833,4
6.56667,5
6.57500,5
6.58333,4
6.59167,4
6.60000,4
6.60833,3
6.61667,3
6.62500,3
6.63333,4
6.64167,4
6.65000,4
6.65833,4
6.66667,4
6.67500,4
6.68333,4
6.69167,4
6.70000,4
6.70833,4
6.71667,4
6.72500,4
6.73333,4
6.74167,4
6.75000,4
6.75833,4
6.76667,4
6.77500,4
6.78333,4
6.79167,4
6.80000,4
6.80833,4
6.81667,4
6.82500,5
6.83333,5
6.84167,5
6.85000,5
6.85833,5
6.86667,5
6.87500,5
6.88333,5
6.89167,5
6.90000,5
6.90833,5
6.91667,5
6.92500,5
6.93333,5
6.94167,5
6.95000,5
6.95833,5
6.96667,4
6.97500,4
6.98333,3
6.99167,3
7.00000,3
7.00833,4
7.01667,4
7.02500,4
7.03333,4
7.04167,4
7.05000,4
7.05833,4
7.06667,4
7.07500,4
7.08333,4
7.09167,4
7.10000,4
7.10833,4
7.11667,4
7.12500,4
7.13333,4
7.14167,4
7.15000,4
7.15833,5
7.16667,4
7.17500,4
7.18333,4
7.19167,5
7.20000,4
7.20833,4
7.21667,4
7.22500,4
7.23333,4
7.24167,4
7.25000,4
7.25833,4
7.26667,5
7.27500,5
7.28333,5
7.29167,5
7.30000,5
7.30833,4
7.31667,4
7.32500,4
7.33333,4
7.34167,4
7.35000,4
7.35833,4
7.36667,4
7.37500,5
7.38333,5
7.39167,5
7.40000,5
7.40833,5
7.41667,4
7.42500,4
7.43333,4
7.44167,4
7.45000,4
7.45833,4
7.46667,4
7.47500,4
7.48333,4
7.49167,4
7.50000,4
7.50833,4
7.51667,4
7.52500,4
7.53333,4
7.54167,4
7.55000,4
7.55833,4
7.56667,4
7.57500,4
7.58333,4
7.59167,4
7.60000,4
7.60833,4
7.61667,4
7.62500,5
7.63333,5
7.64167,5
7.65000,5
7.65833,6
7.66667,5
7.67500,5
7.68333,5
7.69167,5
7.70000,5
7.70833,4
7.71667,4
7.72500,4
7.73333,4
7.74167,4
7.75000,4
7.75833,4
7.76667,4
7.77500,4
7.78333,4
7.79167,4
7.80000,4
7.80833,4
7.81667,4
7.82500,4
7.83333,4
7.84167,5
7.85000,5
7.85833,5
7.86667,5
7.87500,5
7.88333,5
7.89167,4
7.90000,4
7.90833,5
7.91667,5
7.92500,5
7.93333,4
7.94167,4
7.95000,4
7.95833,5
7.96667,5
7.97500,5
7.98333,5
7.99167,5
8.00000,5
8.00833,5
8.01667,5
8.02500,5
8.03333,5
8.04167,5
8.05000,5
8.05833,5
8.06667,5
8.07500,5
8.08333,5
8.09167,5
8.10000,5
8.10833,5
8.11667,5
8.12500,5
8.13333,5
8.14167,5
8.15000,5
8.15833,5
8.16667,5
8.17500,5
8.18333,5
8.19167,5
8.20000,5
8.20833,5
8.21667,5
8.22500,5
8.23333,5
8.24167,5
8.25000,5
8.25833,5
8.26667,5
8.27500,5
8.28333,5
8.29167,5
8.30000,5
8.30833,5
8.31667,5
8.32500,5
8.33333,5
8.34167,5
8.35000,5
8.35833,4
8.36667,5
8.37500,5
8.38333,5
8.39167,5
8.40000,5
8.40833,5
8.41667,5
8.42500,5
8.43333,5
8.44167,5
8.45000,5
8.45833,4
8.46667,4
8.47500,4
8.48333,4
8.49167,4
8.50000,4
8.50833,4
8.51667,4
8.52500,5
8.53333,5
8.54167,5
8.55000,5
8.55833,5
8.56667,5
8.57500,5
8.58333,5
8.59167,5
8.60000,4
8.60833,4
8.61667,4
8.62500,4
8.63333,4
8.64167,5
8.65000,5
8.65833,5
8.66667,5
8.67500,5
8.68333,5
8.69167,5
8.70000,5
8.70833,5
8.71667,5
8.72500,5
8.73333,5
8.74167,5
8.75000,5
8.75833,5
8.76667,5
8.77500,5
8.78333,5
8.79167,4
8.80000,4
8.80833,4
8.81667,4
8.82500,4
8.83333,4
8.84167,5
8.85000,5
8.85833,5
8.86667,6
8.87500,6
8.88333,5
8.89167,5
8.90000,5
8.90833,5
8.91667,5
8.92500,5
8.93333,5
8.94167,5
8.95000,5
8.95833,5
8.96667,5
8.97500,5
8.98333,5
8.99167,5
9.00000,5
9.00833,5
9.01667,5
9.02500,5
9.03333,5
9.04167,5
9.05000,5
9.05833,5
9.06667,4
9.07500,4
9.08333,4
9.09167,4
9.10000,4
9.10833,4
9.11667,5
9.12500,4
9.13333,4
9.14167,5
9.15000,5
9.15833,5
9.16667,5
9.17500,5
9.18333,6
9.19167,6
9.20000,6
9.20833,5
9.21667,5
9.22500,5
9.23333,5
9.24167,6
9.25000,6
9.25833,6
9.26667,6
9.27500,6
9.28333,6
9.29167,6
9.30000,6
9.30833,6
9.31667,6
9.32500,6
9.33333,6
9.34167,5
9.35000,5
9.35833,5
9.36667,4
9.37500,4
9.38333,4
9.39167,4
9.40000,4
9.40833,4
9.41667,4
9.42500,5
9.43333,5
9.44167,4
9.45000,4
9.45833,5
9.46667,5
9.47500,6
9.48333,6
9.49167,6
9.50000,6
9.50833,5
9.51667,6
9.52500,6
9.53333,6
9.54167,6
9.55000,6
9.55833,6
9.56667,6
9.57500,6
9.58333,6
9.59167,6
9.60000,6
9.60833,6
9.61667,6
9.62500,6
9.63333,6
9.64167,6
9.65000,6
9.65833,5
9.66667,5
9.67500,5
9.68333,5
9.69167,5
9.70000,6
9.70833,6
9.71667,6
9.72500,6
9.73333,7
9.74167,7
9.75000,7
9.75833,7
9.76667,6
9.77500,6
9.78333,6
9.79167,6
9.80000,6
9.80833,6
9.81667,5
9.82500,5
9.83333,5
9.84167,5
9.85000,6
9.85833,6
9.86667,6
9.87500,6
9.88333,5
9.89167,5
9.90000,6
9.90833,6
9.91667,6
9.92500,6
9.93333,6
9.94167,6
9.95000,6
9.95833,6
9.96667,5
9.97500,5
9.98333,5
9.99167,6
10.00000,6
10.00833,6
10.01667,6
10.02500,6
10.03333,6
10.04167,6
10.05000,6
10.05833,6
10.06667,6
10.07500,6
10.08333,7
10.09167,7
10.10000,7
10.10833,7
10.11667,7
10.12500,6
10.13333,6
10.14167,6
10.15000,6
10.15833,6
10.16667,6
10.17500,6
10.18333,6
10.19167,6
10.20000,6
10.20833,6
10.21667,6
10.22500,6
10.23333,6
10.24167,6
10.25000,6
10.25833,6
10.26667,6
10.27500,6
10.28333,6
10.29167,5
10.30000,5
10.30833,5
10.31667,5
10.32500,6
10.33333,5
10.34167,5
10.35000,6
10.35833,6
10.36667,6
10.37500,6
10.38333,6
10.39167,6
10.40000,6
10.40833,6
10.41667,6
10.42500,6
10.43333,6
10.44167,5
10.45000,5
10.45833,6
10.46667,6
10.47500,5
10.48333,5
10.49167,5
10.50000,4
10.50833,3
10.51667,2
10.52500,1
10.53333,-2
10.54167,-5
10.55000,-9
10.55833,-14
10.56667,-20
10.57500,-28
10.58333,-38
10.59167,-50
10.60000,-65
10.60833,-83
10.61667,-104
10.62500,-129
10.63333,-159
10.64167,-193
10.65000,-233
10.65833,-278
10.66667,-328
10.67500,-385
10.68333,-448
10.69167,-517
10.70000,-592
10.70833,-674
10.71667,-760
10.72500,-853
10.73333,-950
10.74167,-1051
10.75000,-1157
10.75833,-1265
10.76667,-1375
10.77500,-1486
10.78333,-1597
10.79167,-1708
10.80000,-1816
10.80833,-1921
10.81667,-2023
10.82500,-2119
10.83333,-2209
10.84167,-2292
10.85000,-2366
10.85833,-2432
10.86667,-2489
10.87500,-2536
10.88333,-2571
10.89167,-2597
10.90000,-2612
10.90833,-2616
10.91667,-2609
10.92500,-2593
10.93333,-2567
10.94167,-2531
10.95000,-2487
10.95833,-2435
10.96667,-2376
10.97500,-2311
10.98333,-2240
10.99167,-2165
11.00000,-2087
11.00833,-2005
11.01667,-1921
11.02500,-1837
11.03333,-1752
11.04167,-1667
11.05000,-1583
11.05833,-1500
11.06667,-1419
11.07500,-1340
11.08333,-1264
11.09167,-1190
11.10000,-1119
11.10833,-1051
11.11667,-987
11.12500,-926
11.13333,-868
11.14167,-813
11.15000,-762
11.15833,-713
11.16667,-667
11.17500,-625
11.18333,-585
11.19167,-548
11.20000,-513
11.20833,-480
11.21667,-450
11.22500,-422
11.23333,-396
11.24167,-371
11.25000,-349
11.25833,-328
11.26667,-308
11.27500,-289
11.28333,-272
11.29167,-256
11.30000,-241
11.30833,-227
11.31667,-214
11.32500,-202
11.33333,-191
11.34167,-181
11.35000,-171
11.35833,-162
11.36667,-153
11.37500,-145
11.38333,-137
11.39167,-130
11.40000,-123
11.40833,-117
11.41667,-111
11.42500,-106
11.43333,-100
11.44167,-95
11.45000,-90
11.45833,-86
11.46667,-82
11.47500,-78
11.48333,-75
11.49167,-71
11.50000,-68
11.50833,-64
11.51667,-61
11.52500,-58
11.53333,-56
11.54167,-53
11.55000,-51
11.55833,-49
11.56667,-46
11.57500,-44
11.58333,-42
11.59167,-40
11.60000,-38
11.60833,-37
11.61667,-35
11.62500,-34
11.63333,-32
11.64167,-31
11.65000,-30
11.65833,-29
11.66667,-28
11.67500,-26
11.68333,-25
11.69167,-24
11.70000,-22
11.70833,-22
11.71667,-21
11.72500,-21
11.73333,-20
11.74167,-20
11.75000,-19
11.75833,-18
11.76667,-17
11.77500,-17
11.78333,-16
11.79167,-16
11.80000,-15
11.80833,-15
11.81667,-15
11.82500,-15
11.83333,-14
11.84167,-14
11.85000,-13
11.85833,-13
11.86667,-12
11.87500,-11
11.88333,-11
11.89167,-10
11.90000,-10
11.90833,-10
11.91667,-9
11.92500,-9
11.93333,-9
11.94167,-9
11.95000,-9
11.95833,-8
11.96667,-8
11.97500,-8
11.98333,-8
11.99167,-7
12.00000,-7
12.00833,-7
12.01667,-7
12.02500,-7
12.03333,-7
12.04167,-7
12.05000,-7
12.05833,-7
12.06667,-6
12.07500,-6
12.08333,-6
12.09167,-5
12.10000,-5
12.10833,-4
12.11667,-4
12.12500,-4
12.13333,-4
12.14167,-3
12.15000,-4
12.15833,-3
12.16667,-3
12.17500,-3
12.18333,-2
12.19167,-2
12.20000,-1
12.20833,-1
12.21667,-2
12.22500,-2
12.23333,-2
12.24167,-2
12.25000,-2
12.25833,-2
12.26667,-1
12.27500,-1
12.28333,-0
12.29167,0
12.30000,0
12.30833,0
12.31667,1
12.32500,1
12.33333,1
12.34167,1
12.35000,1
12.35833,1
12.36667,1
12.37500,1
12.38333,1
12.39167,2
12.40000,2
12.40833,2
12.41667,2
12.42500,2
12.43333,2
12.44167,2
12.45000,2
12.45833,2
12.46667,2
12.47500,2
12.48333,2
12.49167,2
12.50000,2
12.50833,2
12.51667,2
12.52500,2
12.53333,2
12.54167,2
12.55000,2
12.55833,3
12.56667,3
12.57500,3
12.58333,3
12.59167,3
12.60000,3
12.60833,2
12.61667,2
12.62500,2
12.63333,2
12.64167,2
12.65000,2
12.65833,3
12.66667,3
12.67500,3
12.68333,3
12.69167,3
12.70000,3
12.70833,3
12.71667,3
12.72500,3
12.73333,3
12.74167,3
12.75000,3
12.75833,3
12.76667,3
12.77500,4
12.78333,3
12.79167,3
12.80000,3
12.80833,3
12.81667,4
12.82500,4
12.83333,4
12.84167,4
12.85000,5
12.85833,5
12.86667,6
12.87500,6
12.88333,5
12.89167,5
12.90000,5
12.90833,5
12.91667,5
12.92500,5
12.93333,6
12.94167,6
12.95000,6
12.95833,6
12.96667,6
12.97500,6
12.98333,6
12.99167,6
13.00000,5
13.00833,5
13.01667,5
13.02500,6
13.03333,6
13.04167,6
13.05000,6
13.05833,6
13.06667,6
13.07500,7
13.08333,7
13.09167,7
13.10000,8
13.10833,8
13.11667,9
13.12500,11
13.13333,12
13.14167,14
13.15000,17
13.15833,20
13.16667,24
13.17500,29
13.18333,36
13.19167,44
13.20000,54
13.20833,67
13.21667,81
13.22500,99
13.23333,120
13.24167,146
13.25000,176
13.25833,211
13.26667,253
13.27500,302
13.28333,359
13.29167,424
13.30000,499
13.30833,585
13.31667,681
13.32500,790
13.33333,913
13.34167,1049
13.35000,1200
13.35833,1367
13.36667,1551
13.37500,1752
13.38333,1970
13.39167,2207
13.40000,2461
13.40833,2733
13.41667,3023
13.42500,3331
13.43333,3656
13.44167,3998
13.45000,4355
13.45833,4726
13.46667,5111
13.47500,5508
13.48333,5915
13.49167,6331
13.50000,6753
13.50833,7180
13.51667,7609
13.52500,8039
13.53333,8467
13.54167,8892
13.55000,9310
13.55833,9721
13.56667,10121
13.57500,10508
13.58333,10881
13.59167,11237
13.60000,11575
13.60833,11892
13.61667,12187
13.62500,12460
13.63333,12707
13.64167,12930
13.65000,13125
13.65833,13294
13.66667,13434
13.67500,13545
13.68333,13628
13.69167,13681
13.70000,13705
13.70833,13701
13.71667,13669
13.72500,13609
13.73333,13522
13.74167,13408
13.75000,13270
13.75833,13107
13.76667,12922
13.77500,12715
13.78333,12487
13.79167,12241
13.80000,11977
13.80833,11698
13.81667,11404
13.82500,11099
13.83333,10782
13.84167,10455
13.85000,10121
13.85833,9782
13.86667,9437
13.87500,9090
13.88333,8741
13.89167,8391
13.90000,8044
13.90833,7699
13.91667,7358
13.92500,7021
13.93333,6691
13.94167,6367
13.95000,6051
13.95833,5743
13.96667,5444
13.97500,5153
13.98333,4872
13.99167,4602
14.00000,4342
14.00833,4091
14.01667,3852
14.02500,3624
14.03333,3406
14.04167,3198
14.05000,3001
14.05833,2814
14.06667,2637
14.07500,2470
14.08333,2312
14.09167,2163
14.10000,2024
14.10833,1893
14.11667,1770
14.12500,1655
14.13333,1547
14.14167,1446
14.15000,1352
14.15833,1265
14.16667,1183
14.17500,1106
14.18333,1036
14.19167,970
14.20000,909
14.20833,853
14.21667,800
14.22500,751
14.23333,706
14.24167,665
14.25000,626
14.25833,590
14.26667,557
14.27500,527
14.28333,498
14.29167,472
14.30000,448
14.30833,425
14.31667,404
14.32500,384
14.33333,366
14.34167,349
14.35000,334
14.35833,319
14.36667,306
14.37500,293
14.38333,281
14.39167,270
14.40000,260
14.40833,250
14.41667,240
14.42500,232
14.43333,224
14.44167,217
14.45000,210
14.45833,203
14.46667,197
14.47500,191
14.48333,186
14.49167,181
14.50000,176
14.50833,171
14.51667,166
14.52500,161
14.53333,157
14.54167,153
14.55000,150
14.55833,146
14.56667,143
14.57500,139
14.58333,136
14.59167,133
14.60000,130
14.60833,128
14.61667,125
14.62500,122
14.63333,120
14.64167,117
14.65000,115
14.65833,113
14.66667,112
14.67500,109
14.68333,108
14.69167,106
14.70000,104
14.70833,103
14.71667,101
14.72500,100
14.73333,99
14.74167,97
14.75000,96
14.75833,94
14.76667,93
14.77500,91
14.78333,90
14.79167,89
14.80000,88
14.80833,87
14.81667,86
14.82500,85
14.83333,84
14.84167,83
14.85000,82
14.85833,81
14.86667,80
14.87500,79
14.88333,78
14.89167,77
14.90000,76
14.90833,75
14.91667,75
14.92500,74
14.93333,73
14.94167,72
14.95000,71
14.95833,70
14.96667,70
14.97500,70
14.98333,69
14.99167,69
15.00000,69
15.00833,68
15.01667,67
15.02500,67
15.03333,66
15.04167,65
15.05000,65
15.05833,65
15.06667,64
15.07500,63
15.08333,63
15.09167,63
15.10000,62
15.10833,61
15.11667,60
15.12500,60
15.13333,60
15.14167,59
15.15000,59
15.15833,59
15.16667,58
15.17500,58
15.18333,57
15.19167,57
15.20000,57
15.20833,57
15.21667,57
15.22500,57
15.23333,57
15.24167,58
15.25000,58
15.25833,58
15.26667,59
15.27500,61
15.28333,63
15.29167,66
15.30000,68
15.30833,71
15.31667,75
15.32500,80
15.33333,85
15.34167,91
15.35000,99
15.35833,107
15.36667,117
15.37500,127
15.38333,139
15.39167,153
15.40000,168
15.40833,185
15.41667,203
15.42500,223
15.43333,244
15.44167,267
15.45000,292
15.45833,319
15.46667,347
15.47500,377
15.48333,409
15.49167,442
15.50000,477
15.50833,514
15.51667,551
15.52500,590
15.53333,630
15.54167,671
15.55000,712
15.55833,754
15.56667,796
15.57500,838
15.58333,880
15.59167,922
15.60000,964
15.60833,1005
15.61667,1045
15.62500,1084
15.63333,1122
15.64167,1158
15.65000,1193
15.65833,1226
15.66667,1257
15.67500,1286
15.68333,1313
15.69167,1338
15.70000,1361
15.70833,1381
15.71667,1399
15.72500,1415
15.73333,1428
15.74167,1438
15.75000,1445
15.75833,1450
15.76667,1453
15.77500,1452
15.78333,1449
15.79167,1443
15.80000,1435
15.80833,1425
15.81667,1411
15.82500,1396
15.83333,1378
15.84167,1358
15.85000,1336
15.85833,1312
15.86667,1287
15.87500,1259
15.88333,1230
15.89167,1200
15.90000,1169
15.90833,1136
15.91667,1102
15.92500,1068
15.93333,1033
15.94167,997
15.95000,961
15.95833,926
15.96667,890
15.97500,854
15.98333,818
15.99167,783
16.00000,748
16.00833,713
16.01667,680
16.02500,646
16.03333,614
16.04167,583
16.05000,553
16.05833,524
16.06667,496
16.07500,469
16.08333,443
16.09167,418
16.10000,395
16.10833,372
16.11667,351
16.12500,331
16.13333,311
16.14167,293
16.15000,275
16.15833,259
16.16667,243
16.17500,229
16.18333,215
16.19167,203
16.20000,191
16.20833,179
16.21667,169
16.22500,159
16.23333,150
16.24167,141
16.25000,134
16.25833,127
16.26667,120
16.27500,114
16.28333,108
16.29167,103
16.30000,98
16.30833,94
16.31667,90
16.32500,86
16.33333,82
16.34167,78
16.35000,75
16.35833,72
16.36667,70
16.37500,68
16.38333,65
16.39167,63
16.40000,61
16.40833,59
16.41667,58
16.42500,56
16.43333,54
16.44167,53
16.45000,52
16.45833,50
16.46667,49
16.47500,47
16.48333,46
16.49167,45
16.50000,45
16.50833,44
16.51667,44
16.52500,43
16.53333,42
16.54167,41
16.55000,40
16.55833,39
16.56667,39
16.57500,38
16.58333,37
16.59167,36
16.60000,36
16.60833,35
16.61667,35
16.62500,35
16.63333,35
16.64167,35
16.65000,35
16.65833,35
16.66667,35
16.67500,34
16.68333,34
16.69167,33
16.70000,33
16.70833,32
16.71667,32
16.72500,32
16.73333,32
16.74167,31
16.75000,31
16.75833,31
16.76667,31
16.77500,30
16.78333,30
16.79167,30
16.80000,30
16.80833,30
16.81667,30
16.82500,29
16.83333,29
16.84167,29
16.85000,28
16.85833,28
16.86667,28
16.87500,28
16.88333,28
16.89167,28
16.90000,28
16.90833,28
16.91667,28
16.92500,27
16.93333,27
16.94167,27
16.95000,27
16.95833,27
16.96667,26
16.97500,26
16.98333,26
16.99167,26
17.00000,26
17.00833,25
17.01667,25
17.02500,25
17.03333,25
17.04167,25
17.05000,25
17.05833,25
17.06667,24
17.07500,24
17.08333,24
17.09167,24
17.10000,24
17.10833,24
17.11667,24
17.12500,24
17.13333,24
17.14167,24
17.15000,24
17.15833,23
17.16667,23
17.17500,23
17.18333,23
17.19167,23
17.20000,23
17.20833,23
17.21667,22
17.22500,22
17.23333,22
17.24167,22
17.25000,22
17.25833,22
17.26667,21
17.27500,22
17.28333,22
17.29167,22
17.30000,22
17.30833,22
17.31667,22
17.32500,21
17.33333,21
17.34167,20
17.35000,20
17.35833,20
17.36667,20
17.37500,20
17.38333,20
17.39167,21
17.40000,21
17.40833,21
17.41667,21
17.42500,21
17.43333,20
17.44167,20
17.45000,20
17.45833,20
17.46667,20
17.47500,19
17.48333,19
17.49167,20
17.50000,20
17.50833,20
17.51667,19
17.52500,19
17.53333,19
17.54167,19
17.55000,19
17.55833,18
17.56667,18
17.57500,18
17.58333,18
17.59167,18
17.60000,18
17.60833,18
17.61667,18
17.62500,19
17.63333,19
17.64167,19
17.65000,19
17.65833,19
17.66667,18
17.67500,18
17.68333,18
17.69167,18
17.70000,18
17.70833,18
17.71667,18
17.72500,18
17.73333,18
17.74167,18
17.75000,18
17.75833,18
17.76667,18
17.77500,18
17.78333,18
17.79167,18
17.80000,18
17.80833,18
17.81667,18
17.82500,18
17.83333,18
17.84167,18
17.85000,18
17.85833,18
17.86667,18
17.87500,18
17.88333,18
17.89167,18
17.90000,18
17.90833,18
17.91667,18
17.92500,18
17.93333,18
17.94167,18
17.95000,18
17.95833,17
17.96667,17
17.97500,17
17.98333,17
17.99167,17
18.00000,17
18.00833,17
18.01667,17
18.02500,17
18.03333,18
18.04167,18
18.05000,18
18.05833,18
18.06667,18
18.07500,17
18.08333,17
18.09167,17
18.10000,16
18.10833,16
18.11667,16
18.12500,16
18.13333,16
18.14167,17
18.15000,17
18.15833,17
18.16667,17
18.17500,17
18.18333,18
18.19167,18
18.20000,18
18.20833,18
18.21667,17
18.22500,17
18.23333,18
18.24167,18
18.25000,17
18.25833,17
18.26667,17
18.27500,18
18.28333,18
18.29167,18
18.30000,18
18.30833,18
18.31667,18
18.32500,18
18.33333,18
18.34167,18
18.35000,17
18.35833,17
18.36667,17
18.37500,17
18.38333,17
18.39167,17
18.40000,17
18.40833,17
18.41667,17
18.42500,17
18.43333,17
18.44167,17
18.45000,17
18.45833,17
18.46667,17
18.47500,18
18.48333,18
18.49167,18
18.50000,19
18.50833,19
18.51667,19
18.52500,18
18.53333,18
18.54167,18
18.55000,18
18.55833,17
18.56667,17
18.57500,17
18.58333,17
18.59167,17
18.60000,17
18.60833,17
18.61667,17
18.62500,17
18.63333,17
18.64167,17
18.65000,17
18.65833,17
18.66667,17
18.67500,17
18.68333,17
18.69167,17
18.70000,17
18.70833,18
18.71667,18
18.72500,18
18.73333,18
18.74167,18
18.75000,18
18.75833,18
18.76667,18
18.77500,18
18.78333,18
18.79167,18
18.80000,18
18.80833,18
18.81667,18
18.82500,18
18.83333,18
18.84167,18
18.85000,18
18.85833,18
18.86667,18
18.87500,18
18.88333,18
18.89167,19
18.90000,19
18.90833,19
18.91667,19
18.92500,19
18.93333,19
18.94167,19
18.95000,19
18.95833,19
18.96667,19
18.97500,18
18.98333,18
18.99167,18
19.00000,18
19.00833,18
19.01667,18
19.02500,18
19.03333,18
19.04167,18
19.05000,18
19.05833,18
19.06667,18
19.07500,19
19.08333,19
19.09167,19
19.10000,19
19.10833,19
19.11667,19
19.12500,18
19.13333,18
19.14167,18
19.15000,18
19.15833,17
19.16667,17
19.17500,17
19.18333,17
19.19167,17
19.20000,17
19.20833,18
19.21667,18
19.22500,18
19.23333,19
19.24167,19
19.25000,19
19.25833,19
19.26667,19
19.27500,19
19.28333,19
19.29167,19
19.30000,19
19.30833,19
19.31667,18
19.32500,18
19.33333,18
19.34167,18
19.35000,18
19.35833,18
19.36667,18
19.37500,18
19.38333,18
19.39167,18
19.40000,18
19.40833,17
19.41667,17
19.42500,17
19.43333,17
19.44167,17
19.45000,17
19.45833,17
19.46667,17
19.47500,17
19.48333,17
19.49167,17
19.50000,17
19.50833,17
19.51667,17
19.52500,17
19.53333,17
19.54167,17
19.55000,17
19.55833,18
19.56667,17
19.57500,18
19.58333,17
19.59167,17
19.60000,17
19.60833,17
19.61667,17
19.62500,17
19.63333,17
19.64167,18
19.65000,18
19.65833,18
19.66667,18
19.67500,18
19.68333,17
19.69167,17
19.70000,17
19.70833,17
19.71667,17
19.72500,17
19.73333,17
19.74167,17
19.75000,17
19.75833,17
19.76667,17
19.77500,18
19.78333,18
19.79167,18
19.80000,19
19.80833,19
19.81667,18
19.82500,18
19.83333,18
19.84167,18
19.85000,17
19.85833,17
19.86667,16
19.87500,16
19.88333,16
19.89167,16
19.90000,16
19.90833,16
19.91667,16
19.92500,16
19.93333,16
19.94167,16
19.95000,16
19.95833,16
19.96667,16
19.97500,16
19.98333,16
19.99167,16
20.00000,17
20.00833,17
20.01667,17
20.02500,17
20.03333,17
20.04167,17
20.05000,17
20.05833,17
20.06667,17
20.07500,17
20.08333,17
20.09167,17
20.10000,17
20.10833,17
20.11667,17
20.12500,17
20.13333,17
20.14167,17
20.15000,17
20.15833,17
20.16667,17
20.17500,17
20.18333,17
20.19167,17
20.20000,16
20.20833,16
20.21667,16
20.22500,17
20.23333,17
20.24167,17
20.25000,17
20.25833,17
20.26667,17
20.27500,16
20.28333,16
20.29167,16
20.30000,16
20.30833,16
20.31667,16
20.32500,16
20.33333,16
20.34167,16
20.35000,16
20.35833,16
20.36667,16
20.37500,17
20.38333,17
20.39167,17
20.40000,17
20.40833,17
20.41667,17
20.42500,17
20.43333,17
20.44167,17
20.45000,17
20.45833,17
20.46667,17
20.47500,17
20.48333,17
20.49167,17
20.50000,17
20.50833,16
20.51667,16
20.52500,16
20.53333,16
20.54167,16
20.55000,16
20.55833,16
20.56667,16
20.57500,16
20.58333,16
20.59167,16
20.60000,16
20.60833,16
20.61667,16
20.62500,16
20.63333,16
20.64167,16
20.65000,16
20.65833,16
20.66667,16
20.67500,16
20.68333,16
20.69167,16
20.70000,16
20.70833,16
20.71667,16
20.72500,16
20.73333,16
20.74167,17
20.75000,17
20.75833,17
20.76667,17
20.77500,17
20.78333,18
20.79167,18
20.80000,17
20.80833,17
20.81667,17
20.82500,16
20.83333,16
20.84167,16
20.85000,16
20.85833,16
20.86667,16
20.87500,16
20.88333,15
20.89167,15
20.90000,15
20.90833,15
20.91667,15
20.92500,15
20.93333,16
20.94167,16
20.95000,16
20.95833,16
20.96667,16
20.97500,16
20.98333,15
20.99167,15
21.00000,15
21.00833,16
21.01667,16
21.02500,16
21.03333,16
21.04167,16
21.05000,16
21.05833,16
21.06667,16
21.07500,16
21.08333,16
21.09167,16
21.10000,16
21.10833,15
21.11667,16
21.12500,16
21.13333,16
21.14167,16
21.15000,16
21.15833,16
21.16667,16
21.17500,17
21.18333,17
21.19167,17
21.20000,17
21.20833,16
21.21667,15
21.22500,15
21.23333,14
21.24167,14
21.25000,14
21.25833,14
21.26667,14
21.27500,14
21.28333,14
21.29167,15
21.30000,15
21.30833,15
21.31667,15
21.32500,15
21.33333,15
21.34167,15
21.35000,15
21.35833,15
21.36667,15
21.37500,15
21.38333,16
21.39167,16
21.40000,16
21.40833,17
21.41667,16
21.42500,16
21.43333,16
21.44167,16
21.45000,16
21.45833,16
21.46667,16
21.47500,15
21.48333,15
21.49167,15
21.50000,15
21.50833,15
21.51667,15
21.52500,15
21.53333,15
21.54167,15
21.55000,15
21.55833,15
21.56667,15
21.57500,15
21.58333,15
21.59167,15
21.60000,14
21.60833,14
21.61667,14
21.62500,14
21.63333,14
21.64167,14
21.65000,14
21.65833,15
21.66667,15
21.67500,15
21.68333,15
21.69167,15
21.70000,15
21.70833,14
21.71667,15
21.72500,15
21.73333,15
21.74167,16
21.75000,16
21.75833,15
21.76667,15
21.77500,15
21.78333,15
21.79167,15
21.80000,15
21.80833,15
21.81667,14
21.82500,14
21.83333,14
21.84167,14
21.85000,14
21.85833,14
21.86667,14
21.87500,14
21.88333,14
21.89167,14
21.90000,13
21.90833,13
21.91667,14
21.92500,14
21.93333,15
21.94167,15
21.95000,15
21.95833,14
21.96667,14
21.97500,14
21.98333,14
21.99167,15
22.00000,14
22.00833,14
22.01667,14
22.02500,14
22.03333,14
22.04167,13
22.05000,13
22.05833,13
22.06667,13
22.07500,13
22.08333,13
22.09167,14
22.10000,14
22.10833,14
22.11667,14
22.12500,14
22.13333,14
22.14167,14
22.15000,15
22.15833,14
22.16667,15
22.17500,15
22.18333,15
22.19167,14
22.20000,14
22.20833,14
22.21667,14
22.22500,14
22.23333,14
22.24167,14
22.25000,13
22.25833,13
22.26667,13
22.27500,13
22.28333,14
22.29167,14
22.30000,14
22.30833,14
22.31667,14
22.32500,15
22.33333,14
22.34167,14
22.35000,14
22.35833,14
22.36667,14
22.37500,13
22.38333,13
22.39167,13
22.40000,13
22.40833,13
22.41667,13
22.42500,13
22.43333,13
22.44167,14
22.45000,14
22.45833,14
22.46667,14
22.47500,14
22.48333,14
22.49167,14
22.50000,14
22.50833,14
22.51667,14
22.52500,13
22.53333,13
22.54167,13
22.55000,13
22.55833,13
22.56667,14
22.57500,14
22.58333,15
22.59167,15
22.60000,15
22.60833,15
22.61667,15
22.62500,15
22.63333,14
22.64167,14
22.65000,14
22.65833,14
22.66667,15
22.67500,15
22.68333,15
22.69167,15
22.70000,15
22.70833,15
22.71667,15
22.72500,15
22.73333,15
22.74167,15
22.75000,15
22.75833,15
22.76667,15
22.77500,16
22.78333,16
22.79167,16
22.80000,16
22.80833,16
22.81667,16
22.82500,16
22.83333,16
22.84167,17
22.85000,17
22.85833,17
22.86667,17
22.87500,17
22.88333,17
22.89167,17
22.90000,17
22.90833,18
22.91667,18
22.92500,19
22.93333,19
22.94167,19
22.95000,19
22.95833,19
22.96667,19
22.97500,19
22.98333,19
22.99167,18
23.00000,18
23.00833,19
23.01667,19
23.02500,19
23.03333,19
23.04167,19
23.05000,19
23.05833,19
23.06667,19
23.07500,19
23.08333,19
23.09167,19
23.10000,19
23.10833,19
23.11667,19
23.12500,19
23.13333,18
23.14167,18
23.15000,18
23.15833,18
23.16667,18
23.17500,18
23.18333,18
23.19167,18
23.20000,18
23.20833,17
23.21667,17
23.22500,17
23.23333,17
23.24167,17
23.25000,17
23.25833,17
23.26667,17
23.27500,17
23.28333,17
23.29167,17
23.30000,17
23.30833,17
23.31667,17
23.32500,17
23.33333,16
23.34167,16
23.35000,16
23.35833,15
23.36667,15
23.37500,15
23.38333,15
23.39167,15
23.40000,15
23.40833,15
23.41667,14
23.42500,14
23.43333,14
23.44167,14
23.45000,14
23.45833,14
23.46667,14
23.47500,14
23.48333,14
23.49167,14
23.50000,14
23.50833,14
23.51667,14
23.52500,14
23.53333,14
23.54167,14
23.55000,14
23.55833,14
23.56667,14
23.57500,13
23.58333,13
23.59167,13
23.60000,14
23.60833,14
23.61667,14
23.62500,13
23.63333,13
23.64167,14
23.65000,14
23.65833,14
23.66667,14
23.67500,14
23.68333,14
23.69167,14
23.70000,14
23.70833,13
23.71667,13
23.72500,13
23.73333,13
23.74167,13
23.75000,13
23.75833,13
23.76667,13
23.77500,13
23.78333,13
23.79167,13
23.80000,14
23.80833,14
23.81667,14
23.82500,13
23.83333,13
23.84167,13
23.85000,13
23.85833,13
23.86667,13
23.87500,13
23.88333,13
23.89167,13
23.90000,12
23.90833,12
23.91667,12
23.92500,12
23.93333,12
23.94167,12
23.95000,12
23.95833,13
23.96667,13
23.97500,13
23.98333,14
23.99167,14
24.00000,14
24.00833,13
24.01667,13
24.02500,14
24.03333,14
24.04167,14
24.05000,14
24.05833,14
24.06667,14
24.07500,14
24.08333,14
24.09167,13
24.10000,13
24.10833,13
24.11667,13
24.12500,13
24.13333,13
24.14167,13
24.15000,13
24.15833,13
24.16667,13
24.17500,13
24.18333,13
24.19167,12
24.20000,12
24.20833,12
24.21667,13
24.22500,12
24.23333,12
24.24167,12
24.25000,12
24.25833,12
24.26667,12
24.27500,13
24.28333,13
24.29167,13
24.30000,14
24.30833,14
24.31667,13
24.32500,13
24.33333,14
24.34167,14
24.35000,13
24.35833,13
24.36667,13
24.37500,13
24.38333,14
24.39167,14
24.40000,14
24.40833,14
24.41667,14
24.42500,14
24.43333,14
24.44167,14
24.45000,14
24.45833,14
24.46667,14
24.47500,14
24.48333,14
24.49167,14
24.50000,14
24.50833,14
24.51667,14
24.52500,14
24.53333,14
24.54167,15
24.55000,15
24.55833,15
24.56667,15
24.57500,16
24.58333,16
24.59167,16
24.60000,16
24.60833,16
24.61667,17
24.62500,17
24.63333,17
24.64167,17
24.65000,17
24.65833,17
24.66667,17
24.67500,17
24.68333,18
24.69167,18
24.70000,18
24.70833,18
24.71667,18
24.72500,18
24.73333,18
24.74167,19
24.75000,19
24.75833,19
24.76667,20
24.77500,20
24.78333,20
24.79167,20
24.80000,20
24.80833,19
24.81667,19
24.82500,20
24.83333,20
24.84167,20
24.85000,20
24.85833,20
24.86667,19
24.87500,20
24.88333,20
24.89167,20
24.90000,20
24.90833,20
24.91667,20
24.92500,20
24.93333,20
24.94167,20
24.95000,20
24.95833,20
24.96667,20
24.97500,20
24.98333,19
24.99167,19
25.00000,19
25.00833,19
25.01667,18
25.02500,18
25.03333,18
25.04167,18
25.05000,19
25.05833,18
25.06667,18
25.07500,18
25.08333,18
25.09167,18
25.10000,18
25.10833,18
25.11667,18
25.12500,17
25.13333,17
25.14167,17
25.15000,17
25.15833,17
25.16667,17
25.17500,17
25.18333,17
25.19167,16
25.20000,16
25.20833,16
25.21667,17
25.22500,17
25.23333,16
25.24167,16
25.25000,16
25.25833,15
25.26667,15
25.27500,15
25.28333,15
25.29167,15
25.30000,15
25.30833,15
25.31667,15
25.32500,14
25.33333,14
25.34167,14
25.35000,14
25.35833,14
25.36667,14
25.37500,14
25.38333,14
25.39167,14
25.40000,14
25.40833,14
25.41667,14
25.42500,14
25.43333,14
25.44167,14
25.45000,14
25.45833,14
25.46667,14
25.47500,14
25.48333,14
25.49167,14
25.50000,14
25.50833,13
25.51667,13
25.52500,13
25.53333,13
25.54167,13
25.55000,13
25.55833,12
25.56667,12
25.57500,13
25.58333,13
25.59167,13
25.60000,13
25.60833,13
25.61667,14
25.62500,13
25.63333,13
25.64167,13
25.65000,13
25.65833,13
25.66667,13
25.67500,13
25.68333,12
25.69167,12
25.70000,12
25.70833,12
25.71667,13
25.72500,13
25.73333,13
25.74167,13
25.75000,13
25.75833,13
25.76667,13
25.77500,13
25.78333,13
25.79167,12
25.80000,12
25.80833,12
25.81667,12
25.82500,13
25.83333,12
25.84167,12
25.85000,12
25.85833,12
25.86667,12
25.87500,12
25.88333,13
25.89167,13
25.90000,13
25.90833,12
25.91667,12
25.92500,12
25.93333,12
25.94167,12
25.95000,12
25.95833,12
25.96667,13
25.97500,13
25.98333,13
25.99167,13
26.00000,13
26.00833,14
26.01667,14
26.02500,14
26.03333,14
26.04167,14
26.05000,14
26.05833,14
26.06667,14
26.07500,14
26.08333,13
26.09167,13
26.10000,13
26.10833,12
26.11667,12
26.12500,13
26.13333,13
26.14167,13
26.15000,13
26.15833,13
26.16667,13
26.17500,13
26.18333,13
26.19167,13
26.20000,13
26.20833,13
26.21667,13
26.22500,13
26.23333,14
26.24167,14
26.25000,14
26.25833,14
26.26667,13
26.27500,13
26.28333,13
26.29167,13
26.30000,14
26.30833,14
26.31667,14
26.32500,14
26.33333,14
26.34167,13
26.35000,13
26.35833,12
26.36667,12
26.37500,12
26.38333,12
26.39167,12
26.40000,13
26.40833,13
26.41667,13
26.42500,13
26.43333,13
26.44167,13
26.45000,13
26.45833,13
26.46667,14
26.47500,14
26.48333,14
26.49167,14
26.50000,14
26.50833,13
26.51667,13
26.52500,13
26.53333,13
26.54167,13
26.55000,12
26.55833,12
26.56667,12
26.57500,12
26.58333,11
26.59167,11
26.60000,11
26.60833,12
26.61667,12
26.62500,12
26.63333,11
26.64167,11
26.65000,11
26.65833,11
26.66667,11
26.67500,11
26.68333,11
26.69167,11
26.70000,10
26.70833,10
26.71667,10
26.72500,10
26.73333,9
26.74167,9
26.75000,9
26.75833,8
26.76667,8
26.77500,8
26.78333,8
26.79167,8
26.80000,7
26.80833,7
26.81667,6
26.82500,6
26.83333,5
26.84167,4
26.85000,4
26.85833,3
26.86667,3
26.87500,2
26.88333,1
26.89167,0
26.90000,-0
26.90833,-1
26.91667,-2
26.92500,-3
26.93333,-5
26.94167,-6
26.95000,-7
26.95833,-9
26.96667,-10
26.97500,-11
26.98333,-12
26.99167,-13
27.00000,-14
27.00833,-15
27.01667,-17
27.02500,-18
27.03333,-19
27.04167,-21
27.05000,-22
27.05833,-23
27.06667,-24
27.07500,-26
27.08333,-27
27.09167,-29
27.10000,-30
27.10833,-31
27.11667,-33
27.12500,-34
27.13333,-35
27.14167,-36
27.15000,-38
27.15833,-39
27.16667,-41
27.17500,-43
27.18333,-44
27.19167,-45
27.20000,-47
27.20833,-48
27.21667,-50
27.22500,-51
27.23333,-52
27.24167,-53
27.25000,-55
27.25833,-56
27.26667,-57
27.27500,-58
27.28333,-59
27.29167,-60
27.30000,-61
27.30833,-62
27.31667,-62
27.32500,-63
27.33333,-64
27.34167,-64
27.35000,-65
27.35833,-65
27.36667,-66
27.37500,-66
27.38333,-66
27.39167,-67
27.40000,-67
27.40833,-67
27.41667,-67
27.42500,-67
27.43333,-67
27.44167,-67
27.45000,-67
27.45833,-67
27.46667,-67
27.47500,-67
27.48333,-67
27.49167,-66
27.50000,-65
27.50833,-64
27.51667,-63
27.52500,-63
27.53333,-62
27.54167,-62
27.55000,-61
27.55833,-60
27.56667,-59
27.57500,-58
27.58333,-57
27.59167,-56
27.60000,-55
27.60833,-54
27.61667,-53
27.62500,-52
27.63333,-51
27.64167,-50
27.65000,-49
27.65833,-47
27.66667,-46
27.67500,-45
27.68333,-43
27.69167,-42
27.70000,-41
27.70833,-40
27.71667,-39
27.72500,-38
27.73333,-36
27.74167,-35
27.75000,-33
27.75833,-32
27.76667,-31
27.77500,-30
27.78333,-28
27.79167,-27
27.80000,-26
27.80833,-26
27.81667,-25
27.82500,-23
27.83333,-22
27.84167,-21
27.85000,-20
27.85833,-19
27.86667,-18
27.87500,-16
27.88333,-15
27.89167,-14
27.90000,-14
27.90833,-14
27.91667,-13
27.92500,-13
27.93333,-12
27.94167,-11
27.95000,-10
27.95833,-10
27.96667,-9
27.97500,-8
27.98333,-8
27.99167,-7
28.00000,-6
28.00833,-6
28.01667,-5
28.02500,-5
28.03333,-4
28.04167,-4
28.05000,-3
28.05833,-3
28.06667,-2
28.07500,-2
28.08333,-1
28.09167,-1
28.10000,-1
28.10833,-1
28.11667,-0
28.12500,0
28.13333,1
28.14167,1
28.15000,1
28.15833,2
28.16667,2
28.17500,2
28.18333,2
28.19167,2
28.20000,2
28.20833,3
28.21667,3
28.22500,3
28.23333,3
28.24167,4
28.25000,4
28.25833,4
28.26667,4
28.27500,5
28.28333,5
28.29167,5
28.30000,5
28.30833,5
28.31667,5
28.32500,5
28.33333,5
28.34167,5
28.35000,5
28.35833,5
28.36667,5
28.37500,5
28.38333,5
28.39167,5
28.40000,5
28.40833,4
28.41667,4
28.42500,4
28.43333,4
28.44167,4
28.45000,4
28.45833,4
28.46667,4
28.47500,4
28.48333,4
28.49167,4
28.50000,4
28.50833,4
28.51667,4
28.52500,3
28.53333,3
28.54167,2
28.55000,2
28.55833,2
28.56667,1
28.57500,1
28.58333,1
28.59167,1
28.60000,1
28.60833,1
28.61667,1
28.62500,0
28.63333,0
28.64167,-0
28.65000,-1
28.65833,-2
28.66667,-2
28.67500,-3
28.68333,-3
28.69167,-4
28.70000,-4
28.70833,-4
28.71667,-5
28.72500,-5
28.73333,-5
28.74167,-6
28.75000,-6
28.75833,-7
28.76667,-8
28.77500,-8
28.78333,-9
28.79167,-9
28.80000,-10
28.80833,-10
28.81667,-11
28.82500,-12
28.83333,-12
28.84167,-13
28.85000,-13
28.85833,-14
28.86667,-14
28.87500,-14
28.88333,-14
28.89167,-15
28.90000,-15
28.90833,-15
28.91667,-16
28.92500,-16
28.93333,-17
28.94167,-17
28.95000,-18
28.95833,-18
28.96667,-19
28.97500,-19
28.98333,-19
28.99167,-19
29.00000,-20
29.00833,-20
29.01667,-20
29.02500,-20
29.03333,-20
29.04167,-21
29.05000,-21
29.05833,-21
29.06667,-21
29.07500,-21
29.08333,-22
29.09167,-22
29.10000,-22
29.10833,-22
29.11667,-22
29.12500,-21
29.13333,-21
29.14167,-21
29.15000,-21
29.15833,-21
29.16667,-21
29.17500,-21
29.18333,-21
29.19167,-21
29.20000,-21
29.20833,-20
29.21667,-20
29.22500,-19
29.23333,-19
29.24167,-19
29.25000,-18
29.25833,-18
29.26667,-17
29.27500,-17
29.28333,-17
29.29167,-17
29.30000,-17
29.30833,-16
29.31667,-16
29.32500,-16
29.33333,-15
29.34167,-15
29.35000,-15
29.35833,-15
29.36667,-14
29.37500,-14
29.38333,-13
29.39167,-12
29.40000,-11
29.40833,-11
29.41667,-10
29.42500,-9
29.43333,-9
29.44167,-9
29.45000,-9
29.45833,-8
29.46667,-8
29.47500,-7
29.48333,-7
29.49167,-6
29.50000,-6
29.50833,-5
29.51667,-5
29.52500,-4
29.53333,-4
29.54167,-3
29.55000,-2
29.55833,-2
29.56667,-2
29.57500,-2
29.58333,-2
29.59167,-1
29.60000,-1
29.60833,-1
29.61667,-1
29.62500,-0
29.63333,0
29.64167,1
29.65000,2
29.65833,2
29.66667,3
29.67500,3
29.68333,2
29.69167,2
29.70000,3
29.70833,3
29.71667,3
29.72500,3
29.73333,4
29.74167,4
29.75000,5
29.75833,5
29.76667,5
29.77500,5
29.78333,5
29.79167,5
29.80000,5
29.80833,5
29.81667,5
29.82500,5
29.83333,6
29.84167,6
29.85000,6
29.85833,7
29.86667,7
29.87500,7
29.88333,7
29.89167,7
29.90000,7
29.90833,7
29.91667,6
29.92500,6
29.93333,6
29.94167,6
29.95000,7
29.95833,7
29.96667,7
29.97500,7
29.98333,7
29.99167,7
30.00000,7
30.00833,7
30.01667,8
30.02500,8
30.03333,8
30.04167,9
30.05000,9
30.05833,9
30.06667,8
30.07500,9
30.08333,9
30.09167,9
30.10000,9
30.10833,9
30.11667,9
30.12500,9
30.13333,9
30.14167,9
30.15000,9
30.15833,9
30.16667,9
30.17500,9
30.18333,9
30.19167,9
30.20000,9
30.20833,9
30.21667,9
30.22500,9
30.23333,10
30.24167,9
30.25000,9
30.25833,9
30.26667,8
30.27500,9
30.28333,9
30.29167,9
30.30000,9
30.30833,9
30.31667,9
30.32500,9
30.33333,9
30.34167,9
30.35000,9
30.35833,9
30.36667,9
30.37500,9
30.38333,9
30.39167,9
30.40000,10
30.40833,10
30.41667,10
30.42500,10
30.43333,10
30.44167,10
30.45000,10
30.45833,10
30.46667,10
30.47500,10
30.48333,9
30.49167,9
30.50000,9
30.50833,10
30.51667,9
30.52500,9
30.53333,10
30.54167,10
30.55000,9
30.55833,10
30.56667,10
30.57500,10
30.58333,11
30.59167,11
30.60000,11
30.60833,11
30.61667,11
30.62500,11
30.63333,11
30.64167,11
30.65000,11
30.65833,11
30.66667,11
30.67500,10
30.68333,10
30.69167,10
30.70000,10
30.70833,10
30.71667,10
30.72500,10
30.73333,11
30.74167,11
30.75000,11
30.75833,11
30.76667,11
30.77500,11
30.78333,10
30.79167,10
30.80000,10
30.80833,10
30.81667,10
30.82500,10
30.83333,9
30.84167,10
30.85000,10
30.85833,10
30.86667,10
30.87500,10
30.88333,10
30.89167,10
30.90000,10
30.90833,10
30.91667,10
30.92500,10
30.93333,10
30.94167,10
30.95000,10
30.95833,10
30.96667,11
30.97500,11
30.98333,10
30.99167,11
31.00000,10
31.00833,11
31.01667,11
31.02500,11
31.03333,11
31.04167,11
31.05000,11
31.05833,11
31.06667,11
31.07500,11
31.08333,11
31.09167,11
31.10000,11
31.10833,11
31.11667,11
31.12500,11
31.13333,11
31.14167,11
31.15000,11
31.15833,11
31.16667,11
31.17500,11
31.18333,12
31.19167,12
31.20000,12
31.20833,12
31.21667,12
31.22500,12
31.23333,12
31.24167,13
31.25000,12
31.25833,12
31.26667,12
31.27500,12
31.28333,11
31.29167,11
31.30000,12
31.30833,12
31.31667,12
31.32500,12
31.33333,13
31.34167,13
31.35000,13
31.35833,13
31.36667,13
31.37500,13
31.38333,13
31.39167,13
31.40000,13
31.40833,13
31.41667,13
31.42500,13
31.43333,13
31.44167,13
31.45000,13
31.45833,13
31.46667,12
31.47500,12
31.48333,12
31.49167,12
31.50000,12
31.50833,13
31.51667,13
31.52500,13
31.53333,13
31.54167,13
31.55000,13
31.55833,13
31.56667,12
31.57500,12
31.58333,13
31.59167,13
31.60000,13
31.60833,13
31.61667,13
31.62500,13
31.63333,12
31.64167,13
31.65000,13
31.65833,13
31.66667,13
31.67500,13
31.68333,13
31.69167,13
31.70000,13
31.70833,13
31.71667,13
31.72500,13
31.73333,13
31.74167,14
31.75000,14
31.75833,13
31.76667,13
31.77500,13
31.78333,12
31.79167,12
31.80000,13
31.80833,13
31.81667,12
31.82500,12
31.83333,12
31.84167,12
31.85000,13
31.85833,13
31.86667,13
31.87500,13
31.88333,13
31.89167,12
31.90000,12
31.90833,12
31.91667,12
31.92500,12
31.93333,12
31.94167,12
31.95000,12
31.95833,12
31.96667,12
31.97500,13
31.98333,13
31.99167,13
32.00000,13
32.00833,12
32.01667,13
32.02500,13
32.03333,13
32.04167,13
32.05000,13
32.05833,13
32.06667,13
32.07500,13
32.08333,13
32.09167,13
32.10000,13
32.10833,12
32.11667,12
32.12500,12
32.13333,12
32.14167,12
32.15000,12
32.15833,12
32.16667,12
32.17500,13
32.18333,13
32.19167,13
32.20000,13
32.20833,13
32.21667,13
32.22500,13
32.23333,13
32.24167,13
32.25000,13
32.25833,14
32.26667,14
32.27500,14
32.28333,14
32.29167,13
32.30000,13
32.30833,13
32.31667,13
32.32500,12
32.33333,12
32.34167,12
32.35000,12
32.35833,12
32.36667,12
32.37500,12
32.38333,12
32.39167,12
32.40000,12
32.40833,12
32.41667,12
32.42500,13
32.43333,13
32.44167,13
32.45000,13
32.45833,13
32.46667,13
32.47500,13
32.48333,13
32.49167,13
32.50000,13
32.50833,13
32.51667,13
32.52500,14
32.53333,14
32.54167,13
32.55000,13
32.55833,13
32.56667,13
32.57500,12
32.58333,12
32.59167,12
32.60000,12
32.60833,12
32.61667,12
32.62500,12
32.63333,12
32.64167,12
32.65000,12
32.65833,12
32.66667,12
32.67500,12
32.68333,12
32.69167,12
32.70000,12
32.70833,12
32.71667,12
32.72500,12
32.73333,12
32.74167,12
32.75000,12
32.75833,12
32.76667,12
32.77500,11
32.78333,11
32.79167,11
32.80000,11
32.80833,11
32.81667,11
32.82500,11
32.83333,12
32.84167,12
32.85000,12
32.85833,11
32.86667,11
32.87500,11
32.88333,11
32.89167,12
32.90000,12
32.90833,12
32.91667,11
32.92500,11
32.93333,11
32.94167,11
32.95000,10
32.95833,10
32.96667,10
32.97500,10
32.98333,10
32.99167,11
33.00000,11
33.00833,11
33.01667,11
33.02500,11
33.03333,11
33.04167,11
33.05000,11
33.05833,11
33.06667,10
33.07500,10
33.08333,10
33.09167,9
33.10000,10
33.10833,10
33.11667,10
33.12500,10
33.13333,10
33.14167,10
33.15000,10
33.15833,10
33.16667,10
33.17500,10
33.18333,10
33.19167,10
33.20000,11
33.20833,11
33.21667,11
33.22500,11
33.23333,11
33.24167,11
33.25000,11
33.25833,11
33.26667,11
33.27500,11
33.28333,11
33.29167,11
33.30000,11
33.30833,11
33.31667,11
33.32500,11
33.33333,11
33.34167,11
33.35000,11
33.35833,11
33.36667,11
33.37500,12
33.38333,12
33.39167,12
33.40000,12
33.40833,12
33.41667,12
33.42500,12
33.43333,12
33.44167,12
33.45000,12
33.45833,13
33.46667,13
33.47500,13
33.48333,13
33.49167,13
33.50000,13
33.50833,13
33.51667,13
33.52500,13
33.53333,13
33.54167,13
33.55000,13
33.55833,13
33.56667,13
33.57500,13
33.58333,12
33.59167,12
33.60000,13
33.60833,13
33.61667,12
33.62500,12
33.63333,12
33.64167,12
33.65000,12
33.65833,12
33.66667,12
33.67500,12
33.68333,12
33.69167,12
33.70000,12
33.70833,13
33.71667,13
33.72500,13
33.73333,13
33.74167,13
33.75000,13
33.75833,14
33.76667,13
33.77500,13
33.78333,13
33.79167,12
33.80000,12
33.80833,12
33.81667,13
33.82500,13
33.83333,13
33.84167,12
33.85000,12
33.85833,12
33.86667,12
33.87500,13
33.88333,13
33.89167,13
33.90000,13
33.90833,13
33.91667,13
33.92500,14
33.93333,14
33.94167,14
33.95000,13
33.95833,13
33.96667,13
33.97500,13
33.98333,14
33.99167,14
34.00000,14
34.00833,14
34.01667,14
34.02500,14
34.03333,14
34.04167,14
34.05000,14
34.05833,14
34.06667,14
34.07500,14
34.08333,14
34.09167,14
34.10000,14
34.10833,13
34.11667,14
34.12500,14
34.13333,14
34.14167,14
34.15000,14
34.15833,14
34.16667,13
34.17500,13
34.18333,13
34.19167,13
34.20000,13
34.20833,13
34.21667,12
34.22500,13
34.23333,13
34.24167,13
34.25000,13
34.25833,13
34.26667,13
34.27500,13
34.28333,12
34.29167,13
34.30000,13
34.30833,13
34.31667,13
34.32500,13
34.33333,12
34.34167,12
34.35000,12
34.35833,12
34.36667,12
34.37500,12
34.38333,12
34.39167,12
34.40000,12
34.40833,12
34.41667,13
34.42500,13
34.43333,13
34.44167,13
34.45000,13
34.45833,13
34.46667,13
34.47500,13
34.48333,13
34.49167,13
34.50000,13
34.50833,13
34.51667,13
34.52500,13
34.53333,13
34.54167,13
34.55000,13
34.55833,13
34.56667,13
34.57500,13
34.58333,13
34.59167,13
34.60000,13
34.60833,14
34.61667,13
34.62500,13
34.63333,13
34.64167,13
34.65000,13
34.65833,13
34.66667,13
34.67500,13
34.68333,13
34.69167,13
34.70000,13
34.70833,13
34.71667,13
34.72500,13
34.73333,13
34.74167,13
34.75000,13
34.75833,13
34.76667,13
34.77500,13
34.78333,13
34.79167,13
34.80000,13
34.80833,13
34.81667,13
34.82500,13
34.83333,13
34.84167,13
34.85000,13
34.85833,13
34.86667,13
34.87500,13
34.88333,13
34.89167,13
34.90000,13
34.90833,13
34.91667,13
34.92500,14
34.93333,14
34.94167,14
34.95000,14
34.95833,14
34.96667,14
34.97500,14
34.98333,14
34.99167,14
35.00000,14
35.00833,14
35.01667,14
35.02500,14
35.03333,14
35.04167,14
35.05000,14
35.05833,14
35.06667,14
35.07500,14
35.08333,14
35.09167,15
35.10000,15
35.10833,15
35.11667,15
35.12500,15
35.13333,15
35.14167,15
35.15000,15
35.15833,15
35.16667,14
35.17500,14
35.18333,14
35.19167,14
35.20000,14
35.20833,14
35.21667,14
35.22500,14
35.23333,14
35.24167,14
35.25000,13
35.25833,13
35.26667,13
35.27500,14
35.28333,14
35.29167,14
35.30000,14
35.30833,15
35.31667,15
35.32500,15
35.33333,16
35.34167,16
35.35000,16
35.35833,16
35.36667,15
35.37500,15
35.38333,15
35.39167,15
35.40000,15
35.40833,16
35.41667,15
35.42500,15
35.43333,15
35.44167,15
35.45000,15
35.45833,15
35.46667,15
35.47500,15
35.48333,15
35.49167,15
35.50000,15
35.50833,15
35.51667,15
35.52500,16
35.53333,16
35.54167,16
35.55000,16
35.55833,16
35.56667,16
35.57500,16
35.58333,16
35.59167,16
35.60000,16
35.60833,16
35.61667,16
35.62500,16
35.63333,16
35.64167,16
35.65000,16
35.65833,16
35.66667,15
35.67500,15
35.68333,15
35.69167,15
35.70000,15
35.70833,15
35.71667,15
35.72500,15
35.73333,15
35.74167,15
35.75000,15
35.75833,15
35.76667,15
35.77500,16
35.78333,16
35.79167,16
35.80000,16
35.80833,17
35.81667,16
35.82500,16
35.83333,16
35.84167,16
35.85000,16
35.85833,16
35.86667,15
35.87500,15
35.88333,15
35.89167,15
35.90000,15
35.90833,15
35.91667,15
35.92500,15
35.93333,15
35.94167,15
35.95000,15
35.95833,15
35.96667,14
35.97500,15
35.98333,15
35.99167,14
36.00000,14
36.00833,14
36.01667,15
36.02500,15
36.03333,15
36.04167,15
36.05000,15
36.05833,15
36.06667,15
36.07500,15
36.08333,15
36.09167,16
36.10000,16
36.10833,16
36.11667,16
36.12500,16
36.13333,16
36.14167,16
36.15000,16
36.15833,16
36.16667,16
36.17500,17
36.18333,17
36.19167,16
36.20000,16
36.20833,15
36.21667,15
36.22500,15
36.23333,15
36.24167,15
36.25000,15
36.25833,15
36.26667,15
36.27500,15
36.28333,15
36.29167,15
36.30000,16
36.30833,16
36.31667,16
36.32500,16
36.33333,16
36.34167,16
36.35000,16
36.35833,16
36.36667,15
36.37500,15
36.38333,16
36.39167,16
36.40000,17
36.40833,17
36.41667,17
36.42500,17
36.43333,17
36.44167,17
36.45000,17
36.45833,17
36.46667,17
36.47500,17
36.48333,17
36.49167,17
36.50000,17
36.50833,17
36.51667,17
36.52500,17
36.53333,17
36.54167,17
36.55000,17
36.55833,17
36.56667,18
36.57500,18
36.58333,18
36.59167,18
36.60000,18
36.60833,18
36.61667,17
36.62500,17
36.63333,17
36.64167,17
36.65000,17
36.65833,17
36.66667,17
36.67500,17
36.68333,18
36.69167,17
36.70000,17
36.70833,18
36.71667,18
36.72500,18
36.73333,18
36.74167,18
36.75000,18
36.75833,18
36.76667,18
36.77500,18
36.78333,18
36.79167,19
36.80000,19
36.80833,19
36.81667,18
36.82500,19
36.83333,19
36.84167,19
36.85000,19
36.85833,19
36.86667,19
36.87500,19
36.88333,19
36.89167,19
36.90000,19
36.90833,19
36.91667,19
36.92500,19
36.93333,19
36.94167,19
36.95000,19
36.95833,19
36.96667,19
36.97500,19
36.98333,19
36.99167,19
37.00000,19
37.00833,19
37.01667,19
37.02500,20
37.03333,20
37.04167,20
37.05000,20
37.05833,20
37.06667,20
37.07500,20
37.08333,20
37.09167,20
37.10000,20
37.10833,20
37.11667,20
37.12500,20
37.13333,20
37.14167,21
37.15000,21
37.15833,21
37.16667,21
37.17500,21
37.18333,21
37.19167,20
37.20000,20
37.20833,21
37.21667,20
37.22500,20
37.23333,20
37.24167,20
37.25000,20
37.25833,20
37.26667,20
37.27500,20
37.28333,20
37.29167,20
37.30000,20
37.30833,20
37.31667,21
37.32500,21
37.33333,21
37.34167,21
37.35000,21
37.35833,21
37.36667,21
37.37500,20
37.38333,20
37.39167,20
37.40000,20
37.40833,20
37.41667,20
37.42500,20
37.43333,20
37.44167,20
37.45000,20
37.45833,20
37.46667,20
37.47500,20
37.48333,20
37.49167,20
37.50000,20
37.50833,20
37.51667,19
37.52500,19
37.53333,19
37.54167,19
37.55000,20
37.55833,20
37.56667,20
37.57500,21
37.58333,21
37.59167,21
37.60000,21
37.60833,21
37.61667,21
37.62500,21
37.63333,21
37.64167,21
37.65000,21
37.65833,21
37.66667,21
37.67500,21
37.68333,20
37.69167,20
37.70000,20
37.70833,20
37.71667,20
37.72500,20
37.73333,19
37.74167,19
37.75000,19
37.75833,19
37.76667,19
37.77500,19
37.78333,19
37.79167,20
37.80000,20
37.80833,20
37.81667,20
37.82500,20
37.83333,19
37.84167,19
37.85000,19
37.85833,19
37.86667,19
37.87500,19
37.88333,19
37.89167,19
37.90000,19
37.90833,19
37.91667,18
37.92500,18
37.93333,18
37.94167,18
37.95000,18
37.95833,18
37.96667,18
37.97500,18
37.98333,18
37.99167,18
38.00000,18
38.00833,18
38.01667,18
38.02500,19
38.03333,19
38.04167,19
38.05000,19
38.05833,19
38.06667,18
38.07500,18
38.08333,18
38.09167,18
38.10000,18
38.10833,18
38.11667,18
38.12500,18
38.13333,18
38.14167,18
38.15000,18
38.15833,18
38.16667,18
38.17500,18
38.18333,18
38.19167,18
38.20000,18
38.20833,18
38.21667,18
38.22500,18
38.23333,17
38.24167,17
38.25000,17
38.25833,17
38.26667,17
38.27500,17
38.28333,17
38.29167,17
38.30000,17
38.30833,17
38.31667,16
38.32500,16
38.33333,16
38.34167,16
38.35000,17
38.35833,17
38.36667,17
38.37500,17
38.38333,17
38.39167,17
38.40000,18
38.40833,17
38.41667,17
38.42500,16
38.43333,16
38.44167,16
38.45000,16
38.45833,16
38.46667,16
38.47500,16
38.48333,16
38.49167,16
38.50000,16
38.50833,16
38.51667,16
38.52500,16
38.53333,16
38.54167,16
38.55000,16
38.55833,16
38.56667,16
38.57500,16
38.58333,16
38.59167,16
38.60000,16
38.60833,17
38.61667,17
38.62500,17
38.63333,17
38.64167,17
38.65000,16
38.65833,16
38.66667,16
38.67500,15
38.68333,15
38.69167,15
38.70000,15
38.70833,15
38.71667,15
38.72500,15
38.73333,16
38.74167,16
38.75000,16
38.75833,16
38.76667,16
38.77500,16
38.78333,16
38.79167,16
38.80000,16
38.80833,16
38.81667,16
38.82500,16
38.83333,15
38.84167,15
38.85000,15
38.85833,15
38.86667,15
38.87500,15
38.88333,15
38.89167,15
38.90000,15
38.90833,15
38.91667,15
38.92500,15
38.93333,15
38.94167,15
38.95000,15
38.95833,15
38.96667,14
38.97500,14
38.98333,14
38.99167,14
39.00000,15
39.00833,15
39.01667,15
39.02500,15
39.03333,15
39.04167,15
39.05000,15
39.05833,15
39.06667,15
39.07500,15
39.08333,15
39.09167,15
39.10000,15
39.10833,15
39.11667,15
39.12500,15
39.13333,15
39.14167,15
39.15000,15
39.15833,15
39.16667,15
39.17500,15
39.18333,15
39.19167,15
39.20000,14
39.20833,14
39.21667,14
39.22500,14
39.23333,14
39.24167,14
39.25000,15
39.25833,15
39.26667,15
39.27500,15
39.28333,15
39.29167,14
39.30000,14
39.30833,14
39.31667,14
39.32500,14
39.33333,14
39.34167,14
39.35000,14
39.35833,13
39.36667,13
39.37500,13
39.38333,13
39.39167,13
39.40000,14
39.40833,14
39.41667,14
39.42500,14
39.43333,14
39.44167,14
39.45000,14
39.45833,14
39.46667,14
39.47500,14
39.48333,14
39.49167,15
39.50000,15
39.50833,15
39.51667,14
39.52500,14
39.53333,14
39.54167,14
39.55000,14
39.55833,14
39.56667,14
39.57500,14
39.58333,14
39.59167,14
39.60000,15
39.60833,14
39.61667,14
39.62500,15
39.63333,15
39.64167,14
39.65000,14
39.65833,14
39.66667,14
39.67500,13
39.68333,13
39.69167,13
39.70000,13
39.70833,13
39.71667,13
39.72500,13
39.73333,13
39.74167,14
39.75000,14
39.75833,14
39.76667,14
39.77500,14
39.78333,14
39.79167,14
39.80000,14
39.80833,14
39.81667,14
39.82500,13
39.83333,13
39.84167,13
39.85000,13
39.85833,13
39.86667,14
39.87500,14
39.88333,14
39.89167,14
39.90000,13
39.90833,13
39.91667,14
39.92500,14
39.93333,14
39.94167,14
39.95000,14
39.95833,14
39.96667,14
39.97500,14
39.98333,14
39.99167,13
40.00000,13
40.00833,13
40.01667,13
40.02500,14
40.03333,14
40.04167,14
40.05000,14
40.05833,14
40.06667,14
40.07500,14
40.08333,14
40.09167,14
40.10000,14
40.10833,14
40.11667,14
40.12500,14
40.13333,14
40.14167,14
40.15000,14
40.15833,14
40.16667,14
40.17500,14
40.18333,14
40.19167,14
40.20000,14
40.20833,14
40.21667,14
40.22500,15
40.23333,15
40.24167,15
40.25000,15
40.25833,15
40.26667,14
40.27500,14
40.28333,14
40.29167,13
40.30000,13
40.30833,14
40.31667,14
40.32500,14
40.33333,14
40.34167,14
40.35000,13
40.35833,13
40.36667,13
40.37500,13
40.38333,13
40.39167,13
40.40000,13
40.40833,14
40.41667,14
40.42500,14
40.43333,14
40.44167,14
40.45000,14
40.45833,14
40.46667,14
40.47500,14
40.48333,14
40.49167,14
40.50000,14
40.50833,14
40.51667,15
40.52500,15
40.53333,15
40.54167,15
40.55000,15
40.55833,14
40.56667,14
40.57500,14
40.58333,14
40.59167,14
40.60000,14
40.60833,14
40.61667,13
40.62500,13
40.63333,13
40.64167,13
40.65000,13
40.65833,13
40.66667,14
40.67500,14
40.68333,14
40.69167,14
40.70000,14
40.70833,15
40.71667,15
40.72500,15
40.73333,15
40.74167,14
40.75000,14
40.75833,13
40.76667,13
40.77500,13
40.78333,13
40.79167,14
40.80000,14
40.80833,14
40.81667,14
40.82500,14
40.83333,14
40.84167,14
40.85000,13
40.85833,13
40.86667,14
40.87500,14
40.88333,14
40.89167,14
40.90000,14
40.90833,14
40.91667,14
40.92500,14
40.93333,14
40.94167,13
40.95000,13
40.95833,13
40.96667,13
40.97500,13
40.98333,13
40.99167,13
41.00000,13
41.00833,13
41.01667,13
41.02500,14
41.03333,13
41.04167,13
41.05000,13
41.05833,13
41.06667,13
41.07500,13
41.08333,13
41.09167,13
41.10000,13
41.10833,13
41.11667,13
41.12500,13
41.13333,14
41.14167,14
41.15000,13
41.15833,13
41.16667,13
41.17500,13
41.18333,13
41.19167,13
41.20000,13
41.20833,13
41.21667,13
41.22500,13
41.23333,13
41.24167,13
41.25000,14
41.25833,14
41.26667,14
41.27500,14
41.28333,14
41.29167,13
41.30000,13
41.30833,13
41.31667,13
41.32500,13
41.33333,13
41.34167,13
41.35000,13
41.35833,13
41.36667,13
41.37500,12
41.38333,13
41.39167,13
41.40000,13
41.40833,13
41.41667,13
41.42500,13
41.43333,13
41.44167,13
41.45000,13
41.45833,14
41.46667,14
41.47500,14
41.48333,14
41.49167,13
41.50000,13
41.50833,13
41.51667,13
41.52500,13
41.53333,13
41.54167,13
41.55000,13
41.55833,13
41.56667,14
41.57500,14
41.58333,14
41.59167,14
41.60000,14
41.60833,14
41.61667,14
41.62500,14
41.63333,14
41.64167,14
41.65000,14
41.65833,14
41.66667,14
41.67500,14
41.68333,14
41.69167,14
41.70000,13
41.70833,13
41.71667,13
41.72500,13
41.73333,13
41.74167,13
41.75000,13
41.75833,13
41.76667,13
41.77500,14
41.78333,14
41.79167,14
41.80000,14
41.80833,14
41.81667,14
41.82500,14
41.83333,14
41.84167,14
41.85000,14
41.85833,14
41.86667,14
41.87500,14
41.88333,14
41.89167,14
41.90000,14
41.90833,14
41.91667,14
41.92500,14
41.93333,14
41.94167,13
41.95000,14
41.95833,13
41.96667,14
41.97500,14
41.98333,14
41.99167,14
42.00000,14
42.00833,14
42.01667,14
42.02500,13
42.03333,13
42.04167,13
42.05000,13
42.05833,13
42.06667,13
42.07500,13
42.08333,13
42.09167,13
42.10000,12
42.10833,12
42.11667,13
42.12500,13
42.13333,13
42.14167,13
42.15000,13
42.15833,14
42.16667,14
42.17500,14
42.18333,13
42.19167,13
42.20000,13
42.20833,13
42.21667,13
42.22500,13
42.23333,13
42.24167,13
42.25000,13
42.25833,14
42.26667,14
42.27500,14
42.28333,14
42.29167,14
42.30000,14
42.30833,14
42.31667,14
42.32500,14
42.33333,14
42.34167,14
42.35000,14
42.35833,14
42.36667,14
42.37500,14
42.38333,14
42.39167,14
42.40000,14
42.40833,14
42.41667,14
42.42500,14
42.43333,14
42.44167,14
42.45000,14
42.45833,14
42.46667,14
42.47500,13
42.48333,13
42.49167,13
42.50000,13
42.50833,13
42.51667,13
42.52500,12
42.53333,13
42.54167,13
42.55000,13
42.55833,13
42.56667,13
42.57500,13
42.58333,13
42.59167,13
42.60000,13
42.60833,13
42.61667,13
42.62500,12
42.63333,12
42.64167,12
42.65000,13
42.65833,13
42.66667,13
42.67500,13
42.68333,13
42.69167,13
42.70000,14
42.70833,13
42.71667,13
42.72500,13
42.73333,13
42.74167,13
42.75000,13
42.75833,13
42.76667,13
42.77500,13
42.78333,13
42.79167,13
42.80000,13
42.80833,14
42.81667,14
42.82500,14
42.83333,14
42.84167,14
42.85000,13
42.85833,13
42.86667,13
42.87500,14
42.88333,14
42.89167,14
42.90000,14
42.90833,14
42.91667,14
42.92500,14
42.93333,14
42.94167,14
42.95000,14
42.95833,14
42.96667,14
42.97500,14
42.98333,13
42.99167,13
43.00000,13
43.00833,12
43.01667,12
43.02500,13
43.03333,13
43.04167,13
43.05000,13
43.05833,13
43.06667,13
43.07500,13
43.08333,13
43.09167,13
43.10000,13
43.10833,13
43.11667,14
43.12500,14
43.13333,14
43.14167,14
43.15000,14
43.15833,14
43.16667,14
43.17500,14
43.18333,14
43.19167,14
43.20000,14
43.20833,14
43.21667,14
43.22500,14
43.23333,14
43.24167,13
43.25000,13
43.25833,14
43.26667,14
43.27500,14
43.28333,14
43.29167,14
43.30000,14
43.30833,13
43.31667,13
43.32500,14
43.33333,14
43.34167,14
43.35000,14
43.35833,14
43.36667,14
43.37500,14
43.38333,14
43.39167,14
43.40000,14
43.40833,14
43.41667,13
43.42500,14
43.43333,14
43.44167,14
43.45000,14
43.45833,14
43.46667,14
43.47500,14
43.48333,13
43.49167,13
43.50000,13
43.50833,13
43.51667,13
43.52500,13
43.53333,13
43.54167,13
43.55000,13
43.55833,13
43.56667,13
43.57500,13
43.58333,13
43.59167,13
43.60000,13
43.60833,13
43.61667,13
43.62500,13
43.63333,13
43.64167,13
43.65000,13
43.65833,13
43.66667,14
43.67500,14
43.68333,14
43.69167,14
43.70000,14
43.70833,14
43.71667,14
43.72500,14
43.73333,14
43.74167,13
43.75000,14
43.75833,14
43.76667,14
43.77500,13
43.78333,14
43.79167,13
43.80000,13
43.80833,13
43.81667,13
43.82500,13
43.83333,12
43.84167,13
43.85000,13
43.85833,13
43.86667,13
43.87500,13
43.88333,13
43.89167,14
43.90000,14
43.90833,14
43.91667,14
43.92500,14
43.93333,14
43.94167,14
43.95000,14
43.95833,14
43.96667,15
43.97500,15
43.98333,15
43.99167,14
44.00000,14
44.00833,14
44.01667,14
44.02500,14
44.03333,14
44.04167,14
44.05000,14
44.05833,14
44.06667,14
44.07500,14
44.08333,13
44.09167,13
44.10000,14
44.10833,14
44.11667,13
44.12500,13
44.13333,12
44.14167,12
44.15000,12
44.15833,12
44.16667,13
44.17500,13
44.18333,13
44.19167,13
44.20000,13
44.20833,13
44.21667,13
44.22500,14
44.23333,14
44.24167,14
44.25000,14
44.25833,14
44.26667,14
44.27500,14
44.28333,14
44.29167,14
44.30000,14
44.30833,14
44.31667,14
44.32500,14
44.33333,14
44.34167,13
44.35000,13
44.35833,13
44.36667,13
44.37500,13
44.38333,13
44.39167,13
44.40000,13
44.40833,13
44.41667,13
44.42500,13
44.43333,14
44.44167,14
44.45000,14
44.45833,14
44.46667,14
44.47500,14
44.48333,14
44.49167,14
44.50000,14
44.50833,14
44.51667,14
44.52500,14
44.53333,14
44.54167,14
44.55000,13
44.55833,13
44.56667,13
44.57500,13
44.58333,13
44.59167,13
44.60000,13
44.60833,13
44.61667,13
44.62500,13
44.63333,13
44.64167,13
44.65000,12
44.65833,12
44.66667,12
44.67500,12
44.68333,12
44.69167,12
44.70000,12
44.70833,13
44.71667,13
44.72500,12
44.73333,12
44.74167,13
44.75000,13
44.75833,13
44.76667,13
44.77500,13
44.78333,13
44.79167,14
44.80000,14
44.80833,14
44.81667,14
44.82500,14
44.83333,14
44.84167,14
44.85000,14
44.85833,14
44.86667,14
44.87500,14
44.88333,14
44.89167,14
44.90000,15
44.90833,15
44.91667,15
44.92500,14
44.93333,14
44.94167,14
44.95000,14
44.95833,13
44.96667,13
44.97500,13
44.98333,13
44.99167,14
45.00000,14
45.00833,14
45.01667,14
45.02500,14
45.03333,14
45.04167,14
45.05000,14
45.05833,14
45.06667,14
45.07500,13
45.08333,13
45.09167,13
45.10000,13
45.10833,13
45.11667,13
45.12500,13
45.13333,14
45.14167,14
45.15000,14
45.15833,14
45.16667,14
45.17500,14
45.18333,14
45.19167,14
45.20000,14
45.20833,14
45.21667,14
45.22500,13
45.23333,13
45.24167,13
45.25000,13
45.25833,13
45.26667,14
45.27500,14
45.28333,14
45.29167,13
45.30000,14
45.30833,14
45.31667,14
45.32500,15
45.33333,15
45.34167,14
45.35000,14
45.35833,14
45.36667,14
45.37500,14
45.38333,14
45.39167,14
45.40000,14
45.40833,14
45.41667,13
45.42500,13
45.43333,13
45.44167,13
45.45000,13
45.45833,13
45.46667,13
45.47500,13
45.48333,13
45.49167,13
45.50000,13
45.50833,13
45.51667,13
45.52500,13
45.53333,13
45.54167,13
45.55000,13
45.55833,13
45.56667,13
45.57500,13
45.58333,13
45.59167,13
45.60000,14
45.60833,14
45.61667,14
45.62500,14
45.63333,14
45.64167,15
45.65000,15
45.65833,15
45.66667,15
45.67500,15
45.68333,14
45.69167,14
45.70000,14
45.70833,14
45.71667,13
45.72500,13
45.73333,13
45.74167,13
45.75000,14
45.75833,14
45.76667,14
45.77500,15
45.78333,15
45.79167,15
45.80000,14
45.80833,14
45.81667,14
45.82500,14
45.83333,14
45.84167,13
45.85000,13
45.85833,13
45.86667,13
45.87500,13
45.88333,13
45.89167,13
45.90000,14
45.90833,14
45.91667,14
45.92500,14
45.93333,13
45.94167,13
45.95000,13
45.95833,13
45.96667,13
45.97500,13
45.98333,13
45.99167,14
46.00000,14
46.00833,14
46.01667,14
46.02500,14
46.03333,14
46.04167,14
46.05000,14
46.05833,14
46.06667,14
46.07500,14
46.08333,14
46.09167,14
46.10000,14
46.10833,14
46.11667,14
46.12500,14
46.13333,14
46.14167,14
46.15000,14
46.15833,14
46.16667,14
46.17500,14
46.18333,13
46.19167,13
46.20000,13
46.20833,13
46.21667,13
46.22500,13
46.23333,13
46.24167,13
46.25000,13
46.25833,13
46.26667,13
46.27500,13
46.28333,13
46.29167,13
46.30000,13
46.30833,13
46.31667,13
46.32500,14
46.33333,14
46.34167,14
46.35000,14
46.35833,14
46.36667,14
46.37500,14
46.38333,14
46.39167,14
46.40000,14
46.40833,14
46.41667,15
46.42500,15
46.43333,15
46.44167,15
46.45000,15
46.45833,15
46.46667,15
46.47500,15
46.48333,15
46.49167,15
46.50000,15
46.50833,15
46.51667,15
46.52500,15
46.53333,15
46.54167,15
46.55000,15
46.55833,15
46.56667,14
46.57500,14
46.58333,14
46.59167,14
46.60000,14
46.60833,14
46.61667,14
46.62500,15
46.63333,15
46.64167,15
46.65000,15
46.65833,15
46.66667,15
46.67500,15
46.68333,15
46.69167,15
46.70000,14
46.70833,14
46.71667,14
46.72500,14
46.73333,14
46.74167,14
46.75000,14
46.75833,14
46.76667,14
46.77500,14
46.78333,15
46.79167,15
46.80000,15
46.80833,15
46.81667,15
46.82500,15
46.83333,16
46.84167,16
46.85000,16
46.85833,16
46.86667,16
46.87500,15
46.88333,15
46.89167,14
46.90000,14
46.90833,14
46.91667,14
46.92500,14
46.93333,14
46.94167,14
46.95000,14
46.95833,15
46.96667,15
46.97500,15
46.98333,15
46.99167,15
47.00000,15
47.00833,14
47.01667,15
47.02500,15
47.03333,15
47.04167,14
47.05000,14
47.05833,14
47.06667,14
47.07500,14
47.08333,14
47.09167,14
47.10000,15
47.10833,15
47.11667,15
47.12500,15
47.13333,15
47.14167,15
47.15000,15
47.15833,15
47.16667,15
47.17500,15
47.18333,15
47.19167,15
47.20000,15
47.20833,15
47.21667,15
47.22500,15
47.23333,16
47.24167,15
47.25000,15
47.25833,15
47.26667,14
47.27500,14
47.28333,14
47.29167,15
47.30000,15
47.30833,15
47.31667,16
47.32500,16
47.33333,16
47.34167,16
47.35000,15
47.35833,15
47.36667,15
47.37500,15
47.38333,15
47.39167,15
47.40000,15
47.40833,15
47.41667,15
47.42500,14
47.43333,14
47.44167,14
47.45000,15
47.45833,15
47.46667,15
47.47500,16
47.48333,16
47.49167,16
47.50000,16
47.50833,16
47.51667,16
47.52500,16
47.53333,16
47.54167,16
47.55000,16
47.55833,16
47.56667,16
47.57500,16
47.58333,16
47.59167,16
47.60000,16
47.60833,15
47.61667,15
47.62500,15
47.63333,15
47.64167,14
47.65000,15
47.65833,15
47.66667,15
47.67500,15
47.68333,16
47.69167,16
47.70000,16
47.70833,16
47.71667,15
47.72500,15
47.73333,15
47.74167,16
47.75000,15
47.75833,15
47.76667,15
47.77500,15
47.78333,16
47.79167,15
47.80000,15
47.80833,15
47.81667,15
47.82500,16
47.83333,16
47.84167,16
47.85000,16
47.85833,16
47.86667,16
47.87500,16
47.88333,16
47.89167,16
47.90000,16
47.90833,16
47.91667,16
47.92500,16
47.93333,17
47.94167,17
47.95000,17
47.95833,17
47.96667,17
47.97500,17
47.98333,17
47.99167,17
48.00000,16
48.00833,16
48.01667,16
48.02500,16
48.03333,16
48.04167,16
48.05000,16
48.05833,16
48.06667,16
48.07500,16
48.08333,16
48.09167,17
48.10000,17
48.10833,17
48.11667,17
48.12500,17
48.13333,17
48.14167,17
48.15000,17
48.15833,18
48.16667,18
48.17500,18
48.18333,17
48.19167,17
48.20000,17
48.20833,16
48.21667,16
48.22500,16
48.23333,16
48.24167,16
48.25000,16
48.25833,17
48.26667,17
48.27500,17
48.28333,17
48.29167,17
48.30000,17
48.30833,17
48.31667,17
48.32500,17
48.33333,16
48.34167,17
48.35000,16
48.35833,16
48.36667,16
48.37500,16
48.38333,16
48.39167,16
48.40000,16
48.40833,16
48.41667,16
48.42500,16
48.43333,16
48.44167,16
48.45000,16
48.45833,16
48.46667,16
48.47500,16
48.48333,16
48.49167,16
48.50000,16
48.50833,16
48.51667,17
48.52500,17
48.53333,17
48.54167,17
48.55000,17
48.55833,17
48.56667,17
48.57500,17
48.58333,17
48.59167,17
48.60000,18
48.60833,18
48.61667,18
48.62500,18
48.63333,17
48.64167,17
48.65000,17
48.65833,17
48.66667,17
48.67500,17
48.68333,17
48.69167,17
48.70000,17
48.70833,17
48.71667,17
48.72500,17
48.73333,17
48.74167,17
48.75000,17
48.75833,17
48.76667,17
48.77500,17
48.78333,17
48.79167,16
48.80000,16
48.80833,16
48.81667,16
48.82500,16
48.83333,17
48.84167,17
48.85000,17
48.85833,17
48.86667,17
48.87500,17
48.88333,17
48.89167,17
48.90000,17
48.90833,17
48.91667,17
48.92500,17
48.93333,17
48.94167,17
48.95000,17
48.95833,17
48.96667,17
48.97500,17
48.98333,17
48.99167,17
49.00000,17
49.00833,16
49.01667,16
49.02500,16
49.03333,16
49.04167,16
49.05000,16
49.05833,16
49.06667,16
49.07500,16
49.08333,16
49.09167,16
49.10000,17
49.10833,16
49.11667,16
49.12500,16
49.13333,16
49.14167,16
49.15000,17
49.15833,17
49.16667,17
49.17500,17
49.18333,17
49.19167,17
49.20000,17
49.20833,17
49.21667,17
49.22500,17
49.23333,17
49.24167,17
49.25000,17
49.25833,18
49.26667,18
49.27500,17
49.28333,17
49.29167,17
49.30000,17
49.30833,17
49.31667,17
49.32500,17
49.33333,17
49.34167,17
49.35000,17
49.35833,17
49.36667,17
49.37500,17
49.38333,16
49.39167,16
49.40000,16
49.40833,16
49.41667,16
49.42500,16
49.43333,16
49.44167,16
49.45000,16
49.45833,16
49.46667,16
49.47500,16
49.48333,16
49.49167,16
49.50000,16
49.50833,16
49.51667,16
49.52500,16
49.53333,16
49.54167,16
49.55000,16
49.55833,16
49.56667,17
49.57500,17
49.58333,16
49.59167,16
49.60000,16
49.60833,16
49.61667,16
49.62500,16
49.63333,16
49.64167,16
49.65000,16
49.65833,16
49.66667,16
49.67500,16
49.68333,17
49.69167,17
49.70000,17
49.70833,17
49.71667,18
49.72500,18
49.73333,17
49.74167,17
49.75000,17
49.75833,17
49.76667,17
49.77500,17
49.78333,17
49.79167,17
49.80000,17
49.80833,17
49.81667,17
49.82500,17
49.83333,16
49.84167,17
49.85000,17
49.85833,17
49.86667,17
49.87500,17
49.88333,18
49.89167,18
49.90000,18
49.90833,18
49.91667,17
49.92500,17
49.93333,17
49.94167,17
49.95000,17
49.95833,17
49.96667,17
49.97500,17
49.98333,17
49.99167,17
50.00000,18