time,signal
0.00000,0
0.00833,0
0.01667,0
0.02500,0
0.03333,1
0.04167,1
0.05000,0
0.05833,0
0.06667,0
0.07500,0
0.08333,-0
0.09167,-0
0.10000,0
0.10833,0
0.11667,0
0.12500,0
0.13333,0
0.14167,0
0.15000,-0
0.15833,-0
0.16667,-1
0.17500,-1
0.18333,-1
0.19167,-0
0.20000,-0
0.20833,-1
0.21667,-1
0.22500,-0
0.23333,-0
0.24167,-0
0.25000,-0
0.25833,-0
0.26667,-0
0.27500,-0
0.28333,-1
0.29167,-1
0.30000,-1
0.30833,-1
0.31667,-1
0.32500,-1
0.33333,-1
0.34167,-1
0.35000,-1
0.35833,-1
0.36667,-1
0.37500,-1
0.38333,-1
0.39167,-1
0.40000,-1
0.40833,-1
0.41667,-1
0.42500,-1
0.43333,-2
0.44167,-1
0.45000,-1
0.45833,-1
0.46667,-1
0.47500,-1
0.48333,-1
0.49167,-1
0.50000,-1
0.50833,-1
0.51667,-1
0.52500,-1
0.53333,-1
0.54167,-1
0.55000,-1
0.55833,-1
0.56667,-1
0.57500,-1
0.58333,-1
0.59167,-0
0.60000,0
0.60833,0
0.61667,0
0.62500,0
0.63333,-0
0.64167,-0
0.65000,-0
0.65833,0
0.66667,0
0.67500,-0
0.68333,-0
0.69167,-0
0.70000,-0
0.70833,-0
0.71667,-1
0.72500,-1
0.73333,-1
0.74167,-1
0.75000,-1
0.75833,-1
0.76667,-1
0.77500,-1
0.78333,-1
0.79167,-1
0.80000,-1
0.80833,-1
0.81667,-1
0.82500,-0
0.83333,-0
0.84167,-0
0.85000,-1
0.85833,-1
0.86667,-0
0.87500,-0
0.88333,-0
0.89167,-0
0.90000,-0
0.90833,-0
0.91667,-1
0.92500,-1
0.93333,-1
0.94167,-1
0.95000,-1
0.95833,-1
0.96667,-0
0.97500,-0
0.98333,-0
0.99167,-0
1.00000,-1
1.00833,-1
1.01667,-1
1.02500,-1
1.03333,-1
1.04167,-1
1.05000,-1
1.05833,-1
1.06667,-0
1.07500,-0
1.08333,-1
1.09167,-1
1.10000,-0
1.10833,-0
1.11667,0
1.12500,0
1.13333,0
1.14167,-0
1.15000,-0
1.15833,-0
1.16667,-0
1.17500,0
1.18333,0
1.19167,0
1.20000,0
1.20833,0
1.21667,0
1.22500,0
1.23333,-0
1.24167,-0
1.25000,0
1.25833,0
1.26667,0
1.27500,0
1.28333,0
1.29167,-0
1.30000,-0
1.30833,-0
1.31667,0
1.32500,0
1.33333,0
1.34167,1
1.35000,1
1.35833,1
1.36667,0
1.37500,0
1.38333,0
1.39167,-0
1.40000,-0
1.40833,-0
1.41667,-0
1.42500,0
1.43333,0
1.44167,0
1.45000,1
1.45833,0
1.46667,0
1.47500,0
1.48333,0
1.49167,-0
1.50000,0
1.50833,0
1.51667,1
1.52500,0
1.53333,0
1.54167,0
1.55000,0
1.55833,-0
1.56667,-0
1.57500,-0
1.58333,-0
1.59167,-0
1.60000,-0
1.60833,-0
1.61667,-0
1.62500,-0
1.63333,-1
1.64167,-1
1.65000,-1
1.65833,-1
1.66667,-0
1.67500,0
1.68333,0
1.69167,0
1.70000,0
1.70833,0
1.71667,1
1.72500,1
1.73333,1
1.74167,0
1.75000,0
1.75833,0
1.76667,-0
1.77500,-0
1.78333,0
1.79167,0
1.80000,0
1.80833,0
1.81667,0
1.82500,0
1.83333,0
1.84167,0
1.85000,1
1.85833,1
1.86667,1
1.87500,1
1.88333,1
1.89167,1
1.90000,1
1.90833,1
1.91667,1
1.92500,1
1.93333,1
1.94167,1
1.95000,1
1.95833,1
1.96667,1
1.97500,1
1.98333,1
1.99167,1
2.00000,1
2.00833,1
2.01667,1
2.02500,1
2.03333,1
2.04167,0
2.05000,0
2.05833,0
2.06667,1
2.07500,1
2.08333,1
2.09167,1
2.10000,1
2.10833,1
2.11667,1
2.12500,1
2.13333,1
2.14167,1
2.15000,2
2.15833,1
2.16667,1
2.17500,1
2.18333,1
2.19167,2
2.20000,2
2.20833,2
2.21667,1
2.22500,1
2.23333,1
2.24167,1
2.25000,1
2.25833,1
2.26667,1
2.27500,1
2.28333,1
2.29167,1
2.30000,1
2.30833,0
2.31667,1
2.32500,1
2.33333,1
2.34167,1
2.35000,1
2.35833,1
2.36667,1
2.37500,1
2.38333,1
2.39167,1
2.40000,1
2.40833,1
2.41667,1
2.42500,1
2.43333,1
2.44167,2
2.45000,2
2.45833,1
2.46667,1
2.47500,1
2.48333,1
2.49167,1
2.50000,1
2.50833,1
2.51667,1
2.52500,1
2.53333,1
2.54167,2
2.55000,2
2.55833,2
2.56667,2
2.57500,2
2.58333,2
2.59167,2
2.60000,2
2.60833,2
2.61667,2
2.62500,2
2.63333,2
2.64167,2
2.65000,2
2.65833,2
2.66667,2
2.67500,2
2.68333,2
2.69167,2
2.70000,2
2.70833,2
2.71667,2
2.72500,2
2.73333,3
2.74167,2
2.75000,2
2.75833,2
2.76667,2
2.77500,2
2.78333,2
2.79167,2
2.80000,2
2.80833,2
2.81667,2
2.82500,2
2.83333,2
2.84167,2
2.85000,2
2.85833,2
2.86667,3
2.87500,3
2.88333,3
2.89167,2
2.90000,2
2.90833,2
2.91667,3
2.92500,3
2.93333,3
2.94167,2
2.95000,2
2.95833,3
2.96667,3
2.97500,3
2.98333,3
2.99167,3
3.00000,3
3.00833,3
3.01667,3
3.02500,3
3.03333,3
3.04167,2
3.05000,2
3.05833,2
3.06667,2
3.07500,3
3.08333,3
3.09167,3
3.10000,3
3.10833,3
3.11667,3
3.12500,3
3.13333,2
3.14167,2
3.15000,2
3.15833,2
3.16667,3
3.17500,4
3.18333,4
3.19167,3
3.20000,3
3.20833,3
3.21667,2
3.22500,2
3.23333,2
3.24167,2
3.25000,2
3.25833,2
3.26667,2
3.27500,2
3.28333,2
3.29167,2
3.30000,2
3.30833,2
3.31667,2
3.32500,2
3.33333,2
3.34167,2
3.35000,2
3.35833,2
3.36667,2
3.37500,3
3.38333,3
3.39167,2
3.40000,2
3.40833,2
3.41667,2
3.42500,2
3.43333,2
3.44167,2
3.45000,2
3.45833,2
3.46667,2
3.47500,3
3.48333,3
3.49167,2
3.50000,2
3.50833,2
3.51667,2
3.52500,2
3.53333,2
3.54167,2
3.55000,2
3.55833,2
3.56667,2
3.57500,2
3.58333,3
3.59167,3
3.60000,3
3.60833,3
3.61667,2
3.62500,2
3.63333,2
3.64167,2
3.65000,2
3.65833,3
3.66667,3
3.67500,3
3.68333,3
3.69167,3
3.70000,3
3.70833,3
3.71667,2
3.72500,2
3.73333,2
3.74167,2
3.75000,2
3.75833,2
3.76667,2
3.77500,3
3.78333,3
3.79167,3
3.80000,3
3.80833,3
3.81667,3
3.82500,3
3.83333,3
3.84167,2
3.85000,2
3.85833,2
3.86667,2
3.87500,2
3.88333,2
3.89167,2
3.90000,2
3.90833,2
3.91667,2
3.92500,2
3.93333,2
3.94167,3
3.95000,3
3.95833,3
3.96667,3
3.97500,2
3.98333,2
3.99167,2
4.00000,2
4.00833,3
4.01667,3
4.02500,3
4.03333,3
4.04167,3
4.05000,3
4.05833,3
4.06667,3
4.07500,3
4.08333,3
4.09167,3
4.10000,3
4.10833,3
4.11667,3
4.12500,3
4.13333,3
4.14167,3
4.15000,3
4.15833,3
4.16667,3
4.17500,3
4.18333,3
4.19167,3
4.20000,3
4.20833,3
4.21667,3
4.22500,3
4.23333,3
4.24167,3
4.25000,3
4.25833,3
4.26667,2
4.27500,2
4.28333,2
4.29167,3
4.30000,3
4.30833,3
4.31667,3
4.32500,3
4.33333,3
4.34167,3
4.35000,3
4.35833,2
4.36667,3
4.37500,3
4.38333,3
4.39167,3
4.40000,3
4.40833,3
4.41667,3
4.42500,3
4.43333,3
4.44167,3
4.45000,3
4.45833,3
4.46667,3
4.47500,3
4.48333,3
4.49167,3
4.50000,3
4.50833,3
4.51667,3
4.52500,3
4.53333,3
4.54167,3
4.55000,2
4.55833,2
4.56667,2
4.57500,2
4.58333,3
4.59167,3
4.60000,3
4.60833,3
4.61667,3
4.62500,3
4.63333,3
4.64167,3
4.65000,3
4.65833,3
4.66667,3
4.67500,4
4.68333,4
4.69167,4
4.70000,4
4.70833,3
4.71667,3
4.72500,3
4.73333,3
4.74167,3
4.75000,3
4.75833,3
4.76667,3
4.77500,3
4.78333,3
4.79167,3
4.80000,3
4.80833,3
4.81667,4
4.82500,4
4.83333,4
4.84167,4
4.85000,4
4.85833,3
4.86667,3
4.87500,3
4.88333,2
4.89167,3
4.90000,3
4.90833,3
4.91667,2
4.92500,2
4.93333,2
4.94167,2
4.95000,2
4.95833,2
4.96667,3
4.97500,3
4.98333,3
4.99167,3
5.00000,3
5.00833,3
5.01667,3
5.02500,3
5.03333,3
5.04167,3
5.05000,3
5.05833,3
5.06667,3
5.07500,3
5.08333,4
5.09167,4
5.10000,4
5.10833,4
5.11667,4
5.12500,4
5.13333,4
5.14167,4
5.15000,4
5.15833,4
5.16667,4
5.17500,3
5.18333,3
5.19167,3
5.20000,3
5.20833,2
5.21667,2
5.22500,2
5.23333,2
5.24167,2
5.25000,2
5.25833,2
5.26667,3
5.27500,3
5.28333,3
5.29167,3
5.30000,3
5.30833,3
5.31667,3
5.32500,3
5.33333,3
5.34167,3
5.35000,3
5.35833,3
5.36667,3
5.37500,3
5.38333,3
5.39167,3
5.40000,3
5.40833,3
5.41667,3
5.42500,3
5.43333,4
5.44167,4
5.45000,4
5.45833,3
5.46667,3
5.47500,3
5.48333,3
5.49167,3
5.50000,2
5.50833,2
5.51667,2
5.52500,2
5.53333,3
5.54167,3
5.55000,3
5.55833,3
5.56667,3
5.57500,4
5.58333,4
5.59167,4
5.60000,3
5.60833,4
5.61667,4
5.62500,4
5.63333,4
5.64167,3
5.65000,4
5.65833,3
5.66667,3
5.67500,3
5.68333,3
5.69167,3
5.70000,3
5.70833,3
5.71667,4
5.72500,4
5.73333,4
5.74167,4
5.75000,4
5.75833,4
5.76667,4
5.77500,4
5.78333,4
5.79167,4
5.80000,3
5.80833,3
5.81667,3
5.82500,3
5.83333,3
5.84167,3
5.85000,3
5.85833,3
5.86667,3
5.87500,4
5.88333,4
5.89167,4
5.90000,4
5.90833,4
5.91667,4
5.92500,3
5.93333,3
5.94167,4
5.95000,4
5.95833,4
5.96667,3
5.97500,3
5.98333,3
5.99167,3
6.00000,3
6.00833,3
6.01667,3
6.02500,3
6.03333,3
6.04167,3
6.05000,2
6.05833,2
6.06667,3
6.07500,3
6.08333,2
6.09167,2
6.10000,2
6.10833,2
6.11667,2
6.12500,3
6.13333,3
6.14167,2
6.15000,2
6.15833,2
6.16667,3
6.17500,3
6.18333,3
6.19167,3
6.20000,3
6.20833,3
6.21667,3
6.22500,3
6.23333,3
6.24167,3
6.25000,3
6.25833,3
6.26667,3
6.27500,3
6.28333,3
6.29167,3
6.30000,3
6.30833,3
6.31667,3
6.32500,3
6.33333,3
6.34167,3
6.35000,3
6.35833,3
6.36667,3
6.37500,3
6.38333,3
6.39167,3
6.40000,3
6.40833,3
6.41667,2
6.42500,3
6.43333,3
6.44167,3
6.45000,3
6.45833,3
6.46667,3
6.47500,3
6.48333,3
6.49167,2
6.50000,3
6.50833,3
6.51667,3
6.52500,3
6.53333,3
6.54167,3
6.55000,3
6.55833,3
6.56667,3
6.57500,3
6.58333,3
6.59167,3
6.60000,3
6.60833,3
6.61667,3
6.62500,3
6.63333,3
6.64167,3
6.65000,3
6.65833,3
6.66667,3
6.67500,3
6.68333,3
6.69167,3
6.70000,3
6.70833,3
6.71667,3
6.72500,3
6.73333,4
6.74167,4
6.75000,3
6.75833,3
6.76667,3
6.77500,3
6.78333,3
6.79167,3
6.80000,3
6.80833,3
6.81667,3
6.82500,3
6.83333,3
6.84167,3
6.85000,3
6.85833,3
6.86667,3
6.87500,3
6.88333,3
6.89167,3
6.90000,3
6.90833,3
6.91667,3
6.92500,3
6.93333,3
6.94167,4
6.95000,4
6.95833,4
6.96667,4
6.97500,4
6.98333,3
6.99167,3
7.00000,3
7.00833,3
7.01667,3
7.02500,3
7.03333,3
7.04167,3
7.05000,3
7.05833,2
7.06667,2
7.07500,2
7.08333,2
7.09167,2
7.10000,2
7.10833,2
7.11667,2
7.12500,3
7.13333,3
7.14167,3
7.15000,2
7.15833,2
7.16667,2
7.17500,2
7.18333,2
7.19167,2
7.20000,2
7.20833,2
7.21667,2
7.22500,2
7.23333,3
7.24167,3
7.25000,3
7.25833,3
7.26667,3
7.27500,3
7.28333,4
7.29167,4
7.30000,3
7.30833,3
7.31667,3
7.32500,3
7.33333,3
7.34167,3
7.35000,3
7.35833,3
7.36667,3
7.37500,3
7.38333,3
7.39167,3
7.40000,3
7.40833,3
7.41667,2
7.42500,2
7.43333,2
7.44167,3
7.45000,3
7.45833,3
7.46667,3
7.47500,2
7.48333,2
7.49167,2
7.50000,2
7.50833,3
7.51667,2
7.52500,2
7.53333,3
7.54167,3
7.55000,3
7.55833,3
7.56667,2
7.57500,2
7.58333,2
7.59167,2
7.60000,2
7.60833,2
7.61667,2
7.62500,2
7.63333,2
7.64167,2
7.65000,2
7.65833,2
7.66667,2
7.67500,2
7.68333,2
7.69167,2
7.70000,2
7.70833,2
7.71667,2
7.72500,2
7.73333,3
7.74167,3
7.75000,3
7.75833,2
7.76667,2
7.77500,2
7.78333,2
7.79167,2
7.80000,2
7.80833,2
7.81667,2
7.82500,2
7.83333,2
7.84167,2
7.85000,3
7.85833,3
7.86667,3
7.87500,3
7.88333,3
7.89167,3
7.90000,3
7.90833,3
7.91667,3
7.92500,3
7.93333,3
7.94167,3
7.95000,3
7.95833,4
7.96667,3
7.97500,3
7.98333,3
7.99167,3
8.00000,3
8.00833,4
8.01667,3
8.02500,3
8.03333,3
8.04167,3
8.05000,3
8.05833,2
8.06667,2
8.07500,2
8.08333,2
8.09167,2
8.10000,2
8.10833,3
8.11667,3
8.12500,3
8.13333,2
8.14167,2
8.15000,2
8.15833,2
8.16667,2
8.17500,3
8.18333,3
8.19167,3
8.20000,3
8.20833,3
8.21667,3
8.22500,3
8.23333,3
8.24167,3
8.25000,3
8.25833,3
8.26667,3
8.27500,3
8.28333,3
8.29167,3
8.30000,3
8.30833,3
8.31667,3
8.32500,3
8.33333,3
8.34167,4
8.35000,4
8.35833,4
8.36667,3
8.37500,3
8.38333,3
8.39167,3
8.40000,3
8.40833,2
8.41667,2
8.42500,3
8.43333,3
8.44167,3
8.45000,3
8.45833,3
8.46667,3
8.47500,3
8.48333,3
8.49167,2
8.50000,2
8.50833,2
8.51667,2
8.52500,2
8.53333,2
8.54167,2
8.55000,2
8.55833,2
8.56667,2
8.57500,2
8.58333,2
8.59167,3
8.60000,3
8.60833,2
8.61667,2
8.62500,2
8.63333,2
8.64167,2
8.65000,2
8.65833,2
8.66667,2
8.67500,2
8.68333,2
8.69167,2
8.70000,3
8.70833,2
8.71667,2
8.72500,2
8.73333,2
8.74167,2
8.75000,2
8.75833,2
8.76667,2
8.77500,2
8.78333,2
8.79167,2
8.80000,2
8.80833,2
8.81667,2
8.82500,2
8.83333,2
8.84167,3
8.85000,3
8.85833,3
8.86667,3
8.87500,3
8.88333,3
8.89167,2
8.90000,2
8.90833,2
8.91667,2
8.92500,2
8.93333,3
8.94167,3
8.95000,3
8.95833,3
8.96667,2
8.97500,2
8.98333,1
8.99167,2
9.00000,2
9.00833,2
9.01667,2
9.02500,2
9.03333,2
9.04167,2
9.05000,2
9.05833,3
9.06667,3
9.07500,2
9.08333,2
9.09167,2
9.10000,2
9.10833,2
9.11667,2
9.12500,2
9.13333,2
9.14167,2
9.15000,2
9.15833,2
9.16667,2
9.17500,2
9.18333,2
9.19167,2
9.20000,2
9.20833,3
9.21667,3
9.22500,3
9.23333,3
9.24167,2
9.25000,2
9.25833,2
9.26667,2
9.27500,2
9.28333,2
9.29167,2
9.30000,2
9.30833,2
9.31667,2
9.32500,2
9.33333,2
9.34167,2
9.35000,2
9.35833,2
9.36667,2
9.37500,2
9.38333,2
9.39167,2
9.40000,2
9.40833,2
9.41667,2
9.42500,2
9.43333,2
9.44167,2
9.45000,2
9.45833,3
9.46667,3
9.47500,3
9.48333,3
9.49167,3
9.50000,3
9.50833,3
9.51667,2
9.52500,2
9.53333,2
9.54167,2
9.55000,2
9.55833,2
9.56667,2
9.57500,2
9.58333,2
9.59167,2
9.60000,2
9.60833,2
9.61667,2
9.62500,3
9.63333,3
9.64167,3
9.65000,3
9.65833,3
9.66667,3
9.67500,3
9.68333,3
9.69167,3
9.70000,3
9.70833,3
9.71667,3
9.72500,3
9.73333,3
9.74167,3
9.75000,3
9.75833,3
9.76667,3
9.77500,3
9.78333,3
9.79167,3
9.80000,3
9.80833,3
9.81667,3
9.82500,3
9.83333,3
9.84167,3
9.85000,3
9.85833,3
9.86667,3
9.87500,3
9.88333,3
9.89167,3
9.90000,3
9.90833,3
9.91667,3
9.92500,3
9.93333,3
9.94167,3
9.95000,3
9.95833,3
9.96667,3
9.97500,3
9.98333,3
9.99167,3
10.00000,3
10.00833,3
10.01667,3
10.02500,3
10.03333,3
10.04167,3
10.05000,3
10.05833,3
10.06667,3
10.07500,3
10.08333,3
10.09167,3
10.10000,3
10.10833,3
10.11667,3
10.12500,3
10.13333,3
10.14167,3
10.15000,3
10.15833,3
10.16667,3
10.17500,3
10.18333,3
10.19167,3
10.20000,2
10.20833,2
10.21667,2
10.22500,2
10.23333,2
10.24167,3
10.25000,3
10.25833,3
10.26667,3
10.27500,3
10.28333,3
10.29167,3
10.30000,3
10.30833,4
10.31667,4
10.32500,4
10.33333,4
10.34167,4
10.35000,3
10.35833,3
10.36667,3
10.37500,2
10.38333,2
10.39167,2
10.40000,2
10.40833,3
10.41667,3
10.42500,4
10.43333,4
10.44167,4
10.45000,4
10.45833,4
10.46667,4
10.47500,4
10.48333,4
10.49167,4
10.50000,3
10.50833,2
10.51667,1
10.52500,-1
10.53333,-3
10.54167,-6
10.55000,-10
10.55833,-15
10.56667,-22
10.57500,-30
10.58333,-40
10.59167,-52
10.60000,-66
10.60833,-83
10.61667,-104
10.62500,-129
10.63333,-158
10.64167,-192
10.65000,-231
10.65833,-276
10.66667,-326
10.67500,-383
10.68333,-445
10.69167,-514
10.70000,-589
10.70833,-670
10.71667,-756
10.72500,-848
10.73333,-945
10.74167,-1046
10.75000,-1151
10.75833,-1260
10.76667,-1371
10.77500,-1483
10.78333,-1595
10.79167,-1706
10.80000,-1815
10.80833,-1921
10.81667,-2024
10.82500,-2121
10.83333,-2212
10.84167,-2296
10.85000,-2371
10.85833,-2437
10.86667,-2495
10.87500,-2542
10.88333,-2580
10.89167,-2606
10.90000,-2622
10.90833,-2627
10.91667,-2621
10.92500,-2606
10.93333,-2580
10.94167,-2545
10.95000,-2502
10.95833,-2450
10.96667,-2391
10.97500,-2326
10.98333,-2256
10.99167,-2181
11.00000,-2103
11.00833,-2022
11.01667,-1938
11.02500,-1853
11.03333,-1768
11.04167,-1683
11.05000,-1598
11.05833,-1515
11.06667,-1433
11.07500,-1354
11.08333,-1277
11.09167,-1203
11.10000,-1133
11.10833,-1065
11.11667,-1000
11.12500,-938
11.13333,-879
11.14167,-824
11.15000,-772
11.15833,-723
11.16667,-677
11.17500,-634
11.18333,-594
11.19167,-556
11.20000,-521
11.20833,-488
11.21667,-458
11.22500,-429
11.23333,-402
11.24167,-378
11.25000,-354
11.25833,-333
11.26667,-312
11.27500,-294
11.28333,-276
11.29167,-260
11.30000,-246
11.30833,-232
11.31667,-219
11.32500,-207
11.33333,-196
11.34167,-185
11.35000,-175
11.35833,-166
11.36667,-157
11.37500,-149
11.38333,-141
11.39167,-133
11.40000,-126
11.40833,-120
11.41667,-113
11.42500,-108
11.43333,-103
11.44167,-98
11.45000,-94
11.45833,-89
11.46667,-85
11.47500,-81
11.48333,-77
11.49167,-74
11.50000,-70
11.50833,-67
11.51667,-64
11.52500,-62
11.53333,-60
11.54167,-58
11.55000,-55
11.55833,-53
11.56667,-51
11.57500,-49
11.58333,-47
11.59167,-45
11.60000,-43
11.60833,-41
11.61667,-40
11.62500,-38
11.63333,-36
11.64167,-35
11.65000,-34
11.65833,-33
11.66667,-31
11.67500,-30
11.68333,-29
11.69167,-28
11.70000,-27
11.70833,-26
11.71667,-25
11.72500,-24
11.73333,-23
11.74167,-23
11.75000,-22
11.75833,-21
11.76667,-21
11.77500,-20
11.78333,-20
11.79167,-20
11.80000,-19
11.80833,-18
11.81667,-17
11.82500,-17
11.83333,-16
11.84167,-15
11.85000,-14
11.85833,-14
11.86667,-14
11.87500,-13
11.88333,-13
11.89167,-13
11.90000,-13
11.90833,-13
11.91667,-12
11.92500,-12
11.93333,-11
11.94167,-11
11.95000,-10
11.95833,-10
11.96667,-10
11.97500,-9
11.98333,-10
11.99167,-9
12.00000,-9
12.00833,-9
12.01667,-9
12.02500,-9
12.03333,-9
12.04167,-9
12.05000,-9
12.05833,-9
12.06667,-9
12.07500,-8
12.08333,-8
12.09167,-7
12.10000,-7
12.10833,-7
12.11667,-7
12.12500,-7
12.13333,-7
12.14167,-7
12.15000,-7
12.15833,-7
12.16667,-6
12.17500,-6
12.18333,-6
12.19167,-6
12.20000,-6
12.20833,-6
12.21667,-6
12.22500,-6
12.23333,-6
12.24167,-6
12.25000,-5
12.25833,-5
12.26667,-5
12.27500,-5
12.28333,-4
12.29167,-4
12.30000,-4
12.30833,-4
12.31667,-4
12.32500,-4
12.33333,-4
12.34167,-4
12.35000,-4
12.35833,-4
12.36667,-4
12.37500,-4
12.38333,-4
12.39167,-4
12.40000,-4
12.40833,-4
12.41667,-4
12.42500,-4
12.43333,-4
12.44167,-3
12.45000,-3
12.45833,-3
12.46667,-2
12.47500,-2
12.48333,-2
12.49167,-2
12.50000,-2
12.50833,-2
12.51667,-2
12.52500,-2
12.53333,-2
12.54167,-3
12.55000,-3
12.55833,-3
12.56667,-3
12.57500,-3
12.58333,-3
12.59167,-3
12.60000,-2
12.60833,-2
12.61667,-2
12.62500,-2
12.63333,-2
12.64167,-2
12.65000,-2
12.65833,-2
12.66667,-2
12.67500,-2
12.68333,-2
12.69167,-2
12.70000,-2
12.70833,-1
12.71667,-1
12.72500,-1
12.73333,-1
12.74167,-1
12.75000,-0
12.75833,-0
12.76667,-0
12.77500,-0
12.78333,0
12.79167,0
12.80000,0
12.80833,0
12.81667,0
12.82500,0
12.83333,0
12.84167,1
12.85000,1
12.85833,1
12.86667,1
12.87500,1
12.88333,1
12.89167,0
12.90000,0
12.90833,0
12.91667,0
12.92500,0
12.93333,0
12.94167,1
12.95000,1
12.95833,1
12.96667,1
12.97500,1
12.98333,1
12.99167,1
13.00000,1
13.00833,1
13.01667,1
13.02500,1
13.03333,1
13.04167,1
13.05000,1
13.05833,1
13.06667,1
13.07500,1
13.08333,1
13.09167,0
13.10000,1
13.10833,1
13.11667,2
13.12500,2
13.13333,3
13.14167,4
13.15000,5
13.15833,7
13.16667,9
13.17500,11
13.18333,14
13.19167,17
13.20000,21
13.20833,25
13.21667,31
13.22500,38
13.23333,46
13.24167,57
13.25000,69
13.25833,84
13.26667,101
13.27500,121
13.28333,144
13.29167,171
13.30000,202
13.30833,237
13.31667,277
13.32500,321
13.33333,371
13.34167,427
13.35000,488
13.35833,556
13.36667,631
13.37500,713
13.38333,802
13.39167,898
13.40000,1001
13.40833,1112
13.41667,1230
13.42500,1355
13.43333,1487
13.44167,1626
13.45000,1771
13.45833,1922
13.46667,2079
13.47500,2240
13.48333,2405
13.49167,2574
13.50000,2746
13.50833,2919
13.51667,3093
13.52500,3267
13.53333,3441
13.54167,3614
13.55000,3783
13.55833,3950
13.56667,4112
13.57500,4269
13.58333,4421
13.59167,4565
13.60000,4702
13.60833,4830
13.61667,4951
13.62500,5061
13.63333,5162
13.64167,5252
13.65000,5331
13.65833,5400
13.66667,5456
13.67500,5501
13.68333,5534
13.69167,5555
13.70000,5565
13.70833,5563
13.71667,5550
13.72500,5526
13.73333,5491
13.74167,5445
13.75000,5389
13.75833,5323
13.76667,5247
13.77500,5163
13.78333,5070
13.79167,4969
13.80000,4862
13.80833,4748
13.81667,4628
13.82500,4504
13.83333,4376
13.84167,4244
13.85000,4108
13.85833,3970
13.86667,3830
13.87500,3689
13.88333,3548
13.89167,3406
13.90000,3266
13.90833,3126
13.91667,2987
13.92500,2851
13.93333,2717
13.94167,2585
13.95000,2456
13.95833,2331
13.96667,2210
13.97500,2092
13.98333,1978
13.99167,1868
14.00000,1763
14.00833,1662
14.01667,1565
14.02500,1472
14.03333,1383
14.04167,1299
14.05000,1219
14.05833,1143
14.06667,1071
14.07500,1003
14.08333,939
14.09167,878
14.10000,822
14.10833,768
14.11667,718
14.12500,671
14.13333,627
14.14167,587
14.15000,548
14.15833,512
14.16667,479
14.17500,449
14.18333,420
14.19167,393
14.20000,369
14.20833,345
14.21667,324
14.22500,304
14.23333,286
14.24167,269
14.25000,253
14.25833,239
14.26667,225
14.27500,213
14.28333,201
14.29167,190
14.30000,180
14.30833,171
14.31667,162
14.32500,155
14.33333,147
14.34167,141
14.35000,134
14.35833,128
14.36667,123
14.37500,118
14.38333,113
14.39167,108
14.40000,104
14.40833,100
14.41667,96
14.42500,93
14.43333,89
14.44167,86
14.45000,83
14.45833,81
14.46667,78
14.47500,75
14.48333,73
14.49167,71
14.50000,69
14.50833,67
14.51667,65
14.52500,64
14.53333,62
14.54167,60
14.55000,59
14.55833,57
14.56667,56
14.57500,54
14.58333,52
14.59167,51
14.60000,50
14.60833,50
14.61667,49
14.62500,48
14.63333,47
14.64167,46
14.65000,45
14.65833,45
14.66667,44
14.67500,43
14.68333,42
14.69167,41
14.70000,41
14.70833,40
14.71667,39
14.72500,39
14.73333,38
14.74167,37
14.75000,37
14.75833,36
14.76667,36
14.77500,35
14.78333,35
14.79167,34
14.80000,33
14.80833,33
14.81667,32
14.82500,32
14.83333,32
14.84167,31
14.85000,31
14.85833,30
14.86667,30
14.87500,30
14.88333,30
14.89167,29
14.90000,29
14.90833,29
14.91667,29
14.92500,28
14.93333,28
14.94167,28
14.95000,28
14.95833,28
14.96667,27
14.97500,27
14.98333,27
14.99167,26
15.00000,25
15.00833,25
15.01667,24
15.02500,24
15.03333,24
15.04167,24
15.05000,24
15.05833,23
15.06667,23
15.07500,23
15.08333,23
15.09167,22
15.10000,22
15.10833,22
15.11667,22
15.12500,22
15.13333,22
15.14167,22
15.15000,22
15.15833,21
15.16667,21
15.17500,21
15.18333,21
15.19167,21
15.20000,21
15.20833,21
15.21667,21
15.22500,21
15.23333,21
15.24167,21
15.25000,22
15.25833,22
15.26667,23
15.27500,23
15.28333,24
15.29167,25
15.30000,27
15.30833,29
15.31667,31
15.32500,33
15.33333,36
15.34167,39
15.35000,43
15.35833,48
15.36667,53
15.37500,58
15.38333,64
15.39167,71
15.40000,79
15.40833,87
15.41667,96
15.42500,107
15.43333,118
15.44167,130
15.45000,143
15.45833,157
15.46667,172
15.47500,188
15.48333,205
15.49167,222
15.50000,240
15.50833,259
15.51667,279
15.52500,299
15.53333,320
15.54167,341
15.55000,363
15.55833,385
15.56667,407
15.57500,429
15.58333,452
15.59167,474
15.60000,496
15.60833,517
15.61667,537
15.62500,557
15.63333,577
15.64167,595
15.65000,613
15.65833,630
15.66667,646
15.67500,662
15.68333,676
15.69167,689
15.70000,701
15.70833,711
15.71667,721
15.72500,728
15.73333,735
15.74167,740
15.75000,744
15.75833,746
15.76667,747
15.77500,747
15.78333,746
15.79167,743
15.80000,738
15.80833,733
15.81667,725
15.82500,717
15.83333,708
15.84167,698
15.85000,686
15.85833,674
15.86667,660
15.87500,646
15.88333,631
15.89167,616
15.90000,599
15.90833,582
15.91667,564
15.92500,547
15.93333,529
15.94167,511
15.95000,493
15.95833,474
15.96667,456
15.97500,437
15.98333,419
15.99167,400
16.00000,382
16.00833,365
16.01667,347
16.02500,330
16.03333,314
16.04167,298
16.05000,282
16.05833,266
16.06667,251
16.07500,237
16.08333,224
16.09167,211
16.10000,198
16.10833,187
16.11667,175
16.12500,165
16.13333,154
16.14167,145
16.15000,137
16.15833,128
16.16667,120
16.17500,113
16.18333,106
16.19167,100
16.20000,94
16.20833,88
16.21667,83
16.22500,78
16.23333,74
16.24167,69
16.25000,64
16.25833,60
16.26667,57
16.27500,54
16.28333,51
16.29167,48
16.30000,45
16.30833,43
16.31667,40
16.32500,39
16.33333,37
16.34167,36
16.35000,34
16.35833,33
16.36667,32
16.37500,30
16.38333,29
16.39167,28
16.40000,27
16.40833,26
16.41667,25
16.42500,24
16.43333,24
16.44167,23
16.45000,22
16.45833,21
16.46667,21
16.47500,20
16.48333,20
16.49167,19
16.50000,19
16.50833,19
16.51667,18
16.52500,18
16.53333,17
16.54167,17
16.55000,17
16.55833,16
16.56667,15
16.57500,15
16.58333,14
16.59167,14
16.60000,14
16.60833,14
16.61667,14
16.62500,14
16.63333,14
16.64167,14
16.65000,14
16.65833,14
16.66667,14
16.67500,13
16.68333,13
16.69167,13
16.70000,13
16.70833,13
16.71667,13
16.72500,12
16.73333,12
16.74167,11
16.75000,11
16.75833,11
16.76667,10
16.77500,10
16.78333,10
16.79167,10
16.80000,10
16.80833,10
16.81667,10
16.82500,10
16.83333,11
16.84167,11
16.85000,11
16.85833,11
16.86667,10
16.87500,10
16.88333,11
16.89167,10
16.90000,10
16.90833,10
16.91667,10
16.92500,10
16.93333,10
16.94167,10
16.95000,10
16.95833,10
16.96667,10
16.97500,10
16.98333,9
16.99167,9
17.00000,9
17.00833,10
17.01667,10
17.02500,10
17.03333,10
17.04167,10
17.05000,10
17.05833,9
17.06667,9
17.07500,9
17.08333,9
17.09167,9
17.10000,8
17.10833,8
17.11667,8
17.12500,8
17.13333,8
17.14167,9
17.15000,8
17.15833,8
17.16667,8
17.17500,8
17.18333,8
17.19167,8
17.20000,8
17.20833,8
17.21667,8
17.22500,9
17.23333,9
17.24167,8
17.25000,8
17.25833,8
17.26667,8
17.27500,8
17.28333,7
17.29167,7
17.30000,7
17.30833,7
17.31667,8
17.32500,8
17.33333,8
17.34167,8
17.35000,8
17.35833,8
17.36667,8
17.37500,8
17.38333,7
17.39167,7
17.40000,7
17.40833,7
17.41667,7
17.42500,7
17.43333,7
17.44167,7
17.45000,7
17.45833,7
17.46667,8
17.47500,7
17.48333,7
17.49167,7
17.50000,7
17.50833,6
17.51667,6
17.52500,7
17.53333,7
17.54167,7
17.55000,7
17.55833,7
17.56667,7
17.57500,7
17.58333,7
17.59167,7
17.60000,7
17.60833,7
17.61667,6
17.62500,6
17.63333,6
17.64167,6
17.65000,6
17.65833,6
17.66667,6
17.67500,6
17.68333,5
17.69167,5
17.70000,5
17.70833,5
17.71667,5
17.72500,5
17.73333,5
17.74167,5
17.75000,5
17.75833,6
17.76667,6
17.77500,6
17.78333,6
17.79167,6
17.80000,6
17.80833,6
17.81667,6
17.82500,5
17.83333,5
17.84167,5
17.85000,5
17.85833,4
17.86667,4
17.87500,4
17.88333,4
17.89167,5
17.90000,5
17.90833,5
17.91667,5
17.92500,5
17.93333,5
17.94167,5
17.95000,5
17.95833,5
17.96667,4
17.97500,5
17.98333,5
17.99167,5
18.00000,5
18.00833,6
18.01667,6
18.02500,6
18.03333,6
18.04167,5
18.05000,5
18.05833,5
18.06667,5
18.07500,5
18.08333,5
18.09167,5
18.10000,5
18.10833,5
18.11667,5
18.12500,5
18.13333,5
18.14167,4
18.15000,4
18.15833,4
18.16667,4
18.17500,4
18.18333,4
18.19167,4
18.20000,4
18.20833,5
18.21667,5
18.22500,5
18.23333,6
18.24167,6
18.25000,6
18.25833,6
18.26667,6
18.27500,6
18.28333,6
18.29167,5
18.30000,5
18.30833,5
18.31667,5
18.32500,5
18.33333,5
18.34167,5
18.35000,5
18.35833,5
18.36667,5
18.37500,5
18.38333,5
18.39167,5
18.40000,5
18.40833,5
18.41667,5
18.42500,5
18.43333,5
18.44167,5
18.45000,5
18.45833,5
18.46667,5
18.47500,5
18.48333,5
18.49167,5
18.50000,5
18.50833,6
18.51667,6
18.52500,6
18.53333,6
18.54167,6
18.55000,5
18.55833,5
18.56667,5
18.57500,5
18.58333,5
18.59167,6
18.60000,6
18.60833,6
18.61667,6
18.62500,5
18.63333,5
18.64167,5
18.65000,5
18.65833,5
18.66667,5
18.67500,5
18.68333,5
18.69167,5
18.70000,5
18.70833,5
18.71667,5
18.72500,5
18.73333,5
18.74167,5
18.75000,5
18.75833,5
18.76667,6
18.77500,6
18.78333,6
18.79167,6
18.80000,6
18.80833,6
18.81667,6
18.82500,5
18.83333,5
18.84167,5
18.85000,5
18.85833,5
18.86667,5
18.87500,5
18.88333,6
18.89167,6
18.90000,5
18.90833,5
18.91667,5
18.92500,5
18.93333,5
18.94167,5
18.95000,5
18.95833,5
18.96667,5
18.97500,5
18.98333,5
18.99167,5
19.00000,6
19.00833,6
19.01667,6
19.02500,6
19.03333,6
19.04167,6
19.05000,6
19.05833,6
19.06667,6
19.07500,6
19.08333,6
19.09167,6
19.10000,6
19.10833,6
19.11667,6
19.12500,6
19.13333,6
19.14167,6
19.15000,5
19.15833,5
19.16667,5
19.17500,5
19.18333,5
19.19167,5
19.20000,5
19.20833,5
19.21667,6
19.22500,6
19.23333,6
19.24167,6
19.25000,6
19.25833,6
19.26667,5
19.27500,5
19.28333,5
19.29167,5
19.30000,5
19.30833,6
19.31667,6
19.32500,6
19.33333,6
19.34167,6
19.35000,5
19.35833,5
19.36667,5
19.37500,5
19.38333,5
19.39167,5
19.40000,6
19.40833,6
19.41667,6
19.42500,5
19.43333,5
19.44167,5
19.45000,5
19.45833,5
19.46667,5
19.47500,5
19.48333,5
19.49167,5
19.50000,5
19.50833,5
19.51667,4
19.52500,4
19.53333,4
19.54167,5
19.55000,5
19.55833,5
19.56667,5
19.57500,5
19.58333,5
19.59167,5
19.60000,4
19.60833,4
19.61667,5
19.62500,5
19.63333,5
19.64167,6
19.65000,6
19.65833,6
19.66667,6
19.67500,6
19.68333,6
19.69167,5
19.70000,5
19.70833,5
19.71667,5
19.72500,5
19.73333,5
19.74167,5
19.75000,5
19.75833,5
19.76667,6
19.77500,6
19.78333,6
19.79167,6
19.80000,6
19.80833,6
19.81667,5
19.82500,5
19.83333,5
19.84167,5
19.85000,5
19.85833,5
19.86667,4
19.87500,4
19.88333,4
19.89167,4
19.90000,5
19.90833,5
19.91667,5
19.92500,5
19.93333,5
19.94167,5
19.95000,4
19.95833,4
19.96667,4
19.97500,4
19.98333,5
19.99167,5
20.00000,4
20.00833,4
20.01667,4
20.02500,4
20.03333,4
20.04167,4
20.05000,4
20.05833,4
20.06667,4
20.07500,4
20.08333,4
20.09167,5
20.10000,5
20.10833,5
20.11667,5
20.12500,4
20.13333,4
20.14167,4
20.15000,4
20.15833,4
20.16667,4
20.17500,4
20.18333,4
20.19167,4
20.20000,3
20.20833,3
20.21667,3
20.22500,3
20.23333,3
20.24167,3
20.25000,3
20.25833,3
20.26667,4
20.27500,4
20.28333,4
20.29167,5
20.30000,5
20.30833,5
20.31667,5
20.32500,5
20.33333,5
20.34167,5
20.35000,4
20.35833,4
20.36667,5
20.37500,5
20.38333,5
20.39167,5
20.40000,5
20.40833,5
20.41667,4
20.42500,4
20.43333,4
20.44167,4
20.45000,4
20.45833,3
20.46667,3
20.47500,4
20.48333,4
20.49167,5
20.50000,5
20.50833,5
20.51667,5
20.52500,4
20.53333,4
20.54167,5
20.55000,5
20.55833,5
20.56667,5
20.57500,5
20.58333,5
20.59167,5
20.60000,5
20.60833,5
20.61667,5
20.62500,5
20.63333,5
20.64167,5
20.65000,5
20.65833,5
20.66667,5
20.67500,5
20.68333,5
20.69167,5
20.70000,5
20.70833,5
20.71667,5
20.72500,5
20.73333,5
20.74167,5
20.75000,5
20.75833,5
20.76667,5
20.77500,5
20.78333,5
20.79167,5
20.80000,5
20.80833,4
20.81667,5
20.82500,5
20.83333,5
20.84167,5
20.85000,5
20.85833,5
20.86667,5
20.87500,4
20.88333,4
20.89167,4
20.90000,4
20.90833,4
20.91667,4
20.92500,5
20.93333,5
20.94167,5
20.95000,4
20.95833,4
20.96667,4
20.97500,4
20.98333,4
20.99167,4
21.00000,4
21.00833,4
21.01667,4
21.02500,4
21.03333,4
21.04167,4
21.05000,4
21.05833,4
21.06667,5
21.07500,4
21.08333,4
21.09167,5
21.10000,5
21.10833,5
21.11667,4
21.12500,4
21.13333,4
21.14167,4
21.15000,4
21.15833,4
21.16667,4
21.17500,4
21.18333,4
21.19167,4
21.20000,4
21.20833,5
21.21667,5
21.22500,5
21.23333,5
21.24167,5
21.25000,5
21.25833,5
21.26667,5
21.27500,5
21.28333,6
21.29167,6
21.30000,5
21.30833,5
21.31667,5
21.32500,5
21.33333,5
21.34167,5
21.35000,5
21.35833,5
21.36667,6
21.37500,6
21.38333,5
21.39167,5
21.40000,5
21.40833,5
21.41667,5
21.42500,5
21.43333,5
21.44167,4
21.45000,4
21.45833,4
21.46667,4
21.47500,4
21.48333,4
21.49167,4
21.50000,5
21.50833,5
21.51667,5
21.52500,5
21.53333,5
21.54167,5
21.55000,5
21.55833,5
21.56667,5
21.57500,5
21.58333,5
21.59167,5
21.60000,5
21.60833,5
21.61667,5
21.62500,5
21.63333,5
21.64167,5
21.65000,5
21.65833,5
21.66667,5
21.67500,5
21.68333,5
21.69167,5
21.70000,6
21.70833,6
21.71667,6
21.72500,6
21.73333,6
21.74167,6
21.75000,6
21.75833,5
21.76667,5
21.77500,5
21.78333,6
21.79167,6
21.80000,6
21.80833,6
21.81667,6
21.82500,6
21.83333,6
21.84167,6
21.85000,6
21.85833,6
21.86667,6
21.87500,6
21.88333,6
21.89167,6
21.90000,6
21.90833,5
21.91667,5
21.92500,5
21.93333,5
21.94167,5
21.95000,5
21.95833,6
21.96667,6
21.97500,6
21.98333,6
21.99167,6
22.00000,6
22.00833,6
22.01667,6
22.02500,5
22.03333,6
22.04167,6
22.05000,6
22.05833,6
22.06667,6
22.07500,6
22.08333,5
22.09167,5
22.10000,5
22.10833,5
22.11667,6
22.12500,6
22.13333,6
22.14167,6
22.15000,6
22.15833,5
22.16667,5
22.17500,5
22.18333,6
22.19167,6
22.20000,6
22.20833,6
22.21667,6
22.22500,6
22.23333,6
22.24167,6
22.25000,6
22.25833,6
22.26667,5
22.27500,5
22.28333,4
22.29167,4
22.30000,4
22.30833,4
22.31667,4
22.32500,5
22.33333,5
22.34167,6
22.35000,6
22.35833,6
22.36667,6
22.37500,6
22.38333,6
22.39167,5
22.40000,5
22.40833,5
22.41667,6
22.42500,5
22.43333,5
22.44167,5
22.45000,5
22.45833,5
22.46667,5
22.47500,5
22.48333,5
22.49167,5
22.50000,5
22.50833,5
22.51667,5
22.52500,4
22.53333,4
22.54167,4
22.55000,3
22.55833,4
22.56667,4
22.57500,5
22.58333,5
22.59167,6
22.60000,6
22.60833,5
22.61667,5
22.62500,5
22.63333,5
22.64167,5
22.65000,5
22.65833,5
22.66667,6
22.67500,6
22.68333,6
22.69167,6
22.70000,6
22.70833,6
22.71667,6
22.72500,6
22.73333,6
22.74167,6
22.75000,6
22.75833,6
22.76667,6
22.77500,6
22.78333,6
22.79167,7
22.80000,7
22.80833,7
22.81667,7
22.82500,8
22.83333,8
22.84167,8
22.85000,8
22.85833,8
22.86667,8
22.87500,8
22.88333,8
22.89167,8
22.90000,9
22.90833,9
22.91667,9
22.92500,9
22.93333,9
22.94167,9
22.95000,9
22.95833,9
22.96667,9
22.97500,9
22.98333,9
22.99167,9
23.00000,9
23.00833,9
23.01667,9
23.02500,9
23.03333,9
23.04167,9
23.05000,9
23.05833,9
23.06667,9
23.07500,9
23.08333,10
23.09167,10
23.10000,10
23.10833,10
23.11667,10
23.12500,10
23.13333,10
23.14167,10
23.15000,9
23.15833,9
23.16667,9
23.17500,9
23.18333,9
23.19167,9
23.20000,8
23.20833,8
23.21667,8
23.22500,8
23.23333,8
23.24167,8
23.25000,8
23.25833,8
23.26667,8
23.27500,7
23.28333,7
23.29167,7
23.30000,7
23.30833,7
23.31667,7
23.32500,7
23.33333,7
23.34167,7
23.35000,6
23.35833,6
23.36667,6
23.37500,6
23.38333,5
23.39167,5
23.40000,5
23.40833,5
23.41667,5
23.42500,6
23.43333,6
23.44167,6
23.45000,6
23.45833,6
23.46667,5
23.47500,5
23.48333,5
23.49167,5
23.50000,5
23.50833,5
23.51667,5
23.52500,5
23.53333,5
23.54167,5
23.55000,5
23.55833,5
23.56667,5
23.57500,5
23.58333,5
23.59167,5
23.60000,5
23.60833,5
23.61667,5
23.62500,5
23.63333,4
23.64167,4
23.65000,4
23.65833,4
23.66667,5
23.67500,5
23.68333,5
23.69167,5
23.70000,5
23.70833,5
23.71667,4
23.72500,4
23.73333,4
23.74167,4
23.75000,5
23.75833,5
23.76667,5
23.77500,5
23.78333,5
23.79167,5
23.80000,5
23.80833,5
23.81667,5
23.82500,4
23.83333,4
23.84167,4
23.85000,5
23.85833,5
23.86667,5
23.87500,5
23.88333,5
23.89167,4
23.90000,4
23.90833,4
23.91667,4
23.92500,4
23.93333,5
23.94167,5
23.95000,5
23.95833,5
23.96667,5
23.97500,5
23.98333,5
23.99167,5
24.00000,5
24.00833,5
24.01667,4
24.02500,4
24.03333,4
24.04167,4
24.05000,4
24.05833,4
24.06667,4
24.07500,4
24.08333,4
24.09167,4
24.10000,4
24.10833,5
24.11667,5
24.12500,5
24.13333,4
24.14167,4
24.15000,4
24.15833,4
24.16667,4
24.17500,4
24.18333,4
24.19167,4
24.20000,4
24.20833,4
24.21667,4
24.22500,4
24.23333,4
24.24167,4
24.25000,4
24.25833,4
24.26667,4
24.27500,4
24.28333,4
24.29167,4
24.30000,4
24.30833,4
24.31667,4
24.32500,4
24.33333,4
24.34167,4
24.35000,4
24.35833,4
24.36667,4
24.37500,5
24.38333,5
24.39167,5
24.40000,5
24.40833,5
24.41667,4
24.42500,4
24.43333,4
24.44167,5
24.45000,5
24.45833,5
24.46667,5
24.47500,5
24.48333,5
24.49167,5
24.50000,6
24.50833,6
24.51667,6
24.52500,6
24.53333,6
24.54167,7
24.55000,7
24.55833,6
24.56667,7
24.57500,7
24.58333,7
24.59167,7
24.60000,8
24.60833,8
24.61667,8
24.62500,8
24.63333,9
24.64167,9
24.65000,9
24.65833,9
24.66667,9
24.67500,10
24.68333,10
24.69167,10
24.70000,10
24.70833,10
24.71667,9
24.72500,9
24.73333,9
24.74167,9
24.75000,10
24.75833,10
24.76667,11
24.77500,11
24.78333,11
24.79167,11
24.80000,11
24.80833,11
24.81667,11
24.82500,10
24.83333,10
24.84167,10
24.85000,10
24.85833,10
24.86667,11
24.87500,11
24.88333,12
24.89167,12
24.90000,12
24.90833,11
24.91667,11
24.92500,11
24.93333,11
24.94167,11
24.95000,11
24.95833,11
24.96667,11
24.97500,11
24.98333,11
24.99167,10
25.00000,10
25.00833,10
25.01667,10
25.02500,10
25.03333,10
25.04167,10
25.05000,10
25.05833,9
25.06667,9
25.07500,9
25.08333,9
25.09167,9
25.10000,9
25.10833,9
25.11667,9
25.12500,9
25.13333,9
25.14167,9
25.15000,8
25.15833,8
25.16667,8
25.17500,7
25.18333,7
25.19167,7
25.20000,6
25.20833,6
25.21667,6
25.22500,6
25.23333,7
25.24167,7
25.25000,7
25.25833,6
25.26667,6
25.27500,6
25.28333,5
25.29167,5
25.30000,5
25.30833,5
25.31667,5
25.32500,5
25.33333,4
25.34167,4
25.35000,5
25.35833,5
25.36667,5
25.37500,4
25.38333,4
25.39167,4
25.40000,4
25.40833,4
25.41667,4
25.42500,5
25.43333,5
25.44167,5
25.45000,5
25.45833,5
25.46667,5
25.47500,4
25.48333,4
25.49167,4
25.50000,4
25.50833,5
25.51667,5
25.52500,5
25.53333,4
25.54167,4
25.55000,4
25.55833,4
25.56667,5
25.57500,5
25.58333,5
25.59167,5
25.60000,5
25.60833,5
25.61667,4
25.62500,4
25.63333,4
25.64167,5
25.65000,5
25.65833,5
25.66667,5
25.67500,4
25.68333,4
25.69167,4
25.70000,4
25.70833,4
25.71667,3
25.72500,3
25.73333,3
25.74167,3
25.75000,3
25.75833,3
25.76667,3
25.77500,3
25.78333,4
25.79167,3
25.80000,4
25.80833,4
25.81667,4
25.82500,4
25.83333,4
25.84167,4
25.85000,4
25.85833,4
25.86667,4
25.87500,4
25.88333,4
25.89167,3
25.90000,3
25.90833,3
25.91667,3
25.92500,3
25.93333,3
25.94167,3
25.95000,3
25.95833,3
25.96667,3
25.97500,3
25.98333,3
25.99167,3
26.00000,3
26.00833,3
26.01667,3
26.02500,3
26.03333,3
26.04167,3
26.05000,3
26.05833,3
26.06667,3
26.07500,3
26.08333,3
26.09167,3
26.10000,3
26.10833,3
26.11667,3
26.12500,4
26.13333,4
26.14167,4
26.15000,4
26.15833,4
26.16667,3
26.17500,3
26.18333,3
26.19167,3
26.20000,3
26.20833,3
26.21667,3
26.22500,2
26.23333,2
26.24167,2
26.25000,2
26.25833,3
26.26667,3
26.27500,3
26.28333,3
26.29167,3
26.30000,3
26.30833,4
26.31667,4
26.32500,4
26.33333,4
26.34167,4
26.35000,4
26.35833,4
26.36667,4
26.37500,4
26.38333,4
26.39167,4
26.40000,4
26.40833,4
26.41667,4
26.42500,4
26.43333,3
26.44167,3
26.45000,3
26.45833,3
26.46667,3
26.47500,3
26.48333,3
26.49167,2
26.50000,2
26.50833,2
26.51667,3
26.52500,3
26.53333,3
26.54167,3
26.55000,4
26.55833,4
26.56667,4
26.57500,4
26.58333,4
26.59167,4
26.60000,3
26.60833,3
26.61667,3
26.62500,3
26.63333,3
26.64167,3
26.65000,3
26.65833,3
26.66667,2
26.67500,2
26.68333,2
26.69167,1
26.70000,1
26.70833,1
26.71667,0
26.72500,0
26.73333,0
26.74167,0
26.75000,-0
26.75833,-1
26.76667,-1
26.77500,-1
26.78333,-2
26.79167,-2
26.80000,-3
26.80833,-3
26.81667,-3
26.82500,-4
26.83333,-4
26.84167,-5
26.85000,-6
26.85833,-7
26.86667,-8
26.87500,-8
26.88333,-9
26.89167,-10
26.90000,-11
26.90833,-12
26.91667,-13
26.92500,-15
26.93333,-16
26.94167,-17
26.95000,-18
26.95833,-19
26.96667,-21
26.97500,-22
26.98333,-23
26.99167,-24
27.00000,-25
27.00833,-26
27.01667,-27
27.02500,-28
27.03333,-29
27.04167,-31
27.05000,-32
27.05833,-33
27.06667,-35
27.07500,-36
27.08333,-38
27.09167,-40
27.10000,-41
27.10833,-43
27.11667,-44
27.12500,-46
27.13333,-47
27.14167,-48
27.15000,-50
27.15833,-51
27.16667,-52
27.17500,-54
27.18333,-55
27.19167,-56
27.20000,-58
27.20833,-59
27.21667,-61
27.22500,-62
27.23333,-64
27.24167,-65
27.25000,-66
27.25833,-67
27.26667,-68
27.27500,-69
27.28333,-70
27.29167,-71
27.30000,-72
27.30833,-72
27.31667,-73
27.32500,-74
27.33333,-74
27.34167,-75
27.35000,-75
27.35833,-76
27.36667,-77
27.37500,-78
27.38333,-78
27.39167,-78
27.40000,-78
27.40833,-78
27.41667,-78
27.42500,-77
27.43333,-77
27.44167,-77
27.45000,-77
27.45833,-77
27.46667,-77
27.47500,-77
27.48333,-76
27.49167,-76
27.50000,-76
27.50833,-75
27.51667,-74
27.52500,-73
27.53333,-71
27.54167,-71
27.55000,-70
27.55833,-69
27.56667,-68
27.57500,-67
27.58333,-66
27.59167,-65
27.60000,-64
27.60833,-63
27.61667,-62
27.62500,-60
27.63333,-59
27.64167,-58
27.65000,-57
27.65833,-56
27.66667,-54
27.67500,-53
27.68333,-51
27.69167,-50
27.70000,-49
27.70833,-47
27.71667,-46
27.72500,-45
27.73333,-43
27.74167,-42
27.75000,-41
27.75833,-40
27.76667,-39
27.77500,-38
27.78333,-37
27.79167,-36
27.80000,-35
27.80833,-34
27.81667,-33
27.82500,-32
27.83333,-31
27.84167,-30
27.85000,-29
27.85833,-28
27.86667,-27
27.87500,-26
27.88333,-25
27.89167,-24
27.90000,-23
27.90833,-22
27.91667,-21
27.92500,-20
27.93333,-19
27.94167,-18
27.95000,-18
27.95833,-17
27.96667,-17
27.97500,-16
27.98333,-15
27.99167,-15
28.00000,-14
28.00833,-14
28.01667,-14
28.02500,-14
28.03333,-13
28.04167,-13
28.05000,-12
28.05833,-11
28.06667,-10
28.07500,-10
28.08333,-10
28.09167,-9
28.10000,-9
28.10833,-9
28.11667,-8
28.12500,-8
28.13333,-8
28.14167,-8
28.15000,-7
28.15833,-7
28.16667,-7
28.17500,-7
28.18333,-7
28.19167,-7
28.20000,-7
28.20833,-6
28.21667,-6
28.22500,-6
28.23333,-6
28.24167,-6
28.25000,-5
28.25833,-5
28.26667,-5
28.27500,-5
28.28333,-5
28.29167,-5
28.30000,-5
28.30833,-5
28.31667,-5
28.32500,-5
28.33333,-5
28.34167,-5
28.35000,-5
28.35833,-5
28.36667,-5
28.37500,-5
28.38333,-5
28.39167,-5
28.40000,-5
28.40833,-5
28.41667,-5
28.42500,-5
28.43333,-5
28.44167,-5
28.45000,-5
28.45833,-5
28.46667,-5
28.47500,-6
28.48333,-5
28.49167,-5
28.50000,-5
28.50833,-6
28.51667,-6
28.52500,-6
28.53333,-6
28.54167,-7
28.55000,-7
28.55833,-7
28.56667,-7
28.57500,-8
28.58333,-8
28.59167,-8
28.60000,-8
28.60833,-9
28.61667,-10
28.62500,-10
28.63333,-11
28.64167,-12
28.65000,-12
28.65833,-12
28.66667,-13
28.67500,-14
28.68333,-14
28.69167,-14
28.70000,-15
28.70833,-15
28.71667,-15
28.72500,-15
28.73333,-15
28.74167,-16
28.75000,-16
28.75833,-17
28.76667,-17
28.77500,-18
28.78333,-19
28.79167,-19
28.80000,-19
28.80833,-19
28.81667,-20
28.82500,-20
28.83333,-21
28.84167,-21
28.85000,-21
28.85833,-21
28.86667,-22
28.87500,-22
28.88333,-23
28.89167,-23
28.90000,-24
28.90833,-25
28.91667,-26
28.92500,-26
28.93333,-27
28.94167,-27
28.95000,-27
28.95833,-27
28.96667,-27
28.97500,-27
28.98333,-28
28.99167,-28
29.00000,-29
29.00833,-29
29.01667,-29
29.02500,-29
29.03333,-29
29.04167,-29
29.05000,-29
29.05833,-29
29.06667,-29
29.07500,-29
29.08333,-30
29.09167,-30
29.10000,-30
29.10833,-29
29.11667,-29
29.12500,-30
29.13333,-30
29.14167,-30
29.15000,-30
29.15833,-30
29.16667,-30
29.17500,-29
29.18333,-29
29.19167,-29
29.20000,-29
29.20833,-29
29.21667,-28
29.22500,-28
29.23333,-28
29.24167,-28
29.25000,-27
29.25833,-27
29.26667,-27
29.27500,-27
29.28333,-26
29.29167,-26
29.30000,-25
29.30833,-25
29.31667,-24
29.32500,-24
29.33333,-24
29.34167,-23
29.35000,-23
29.35833,-23
29.36667,-22
29.37500,-22
29.38333,-22
29.39167,-21
29.40000,-21
29.40833,-20
29.41667,-19
29.42500,-19
29.43333,-18
29.44167,-18
29.45000,-17
29.45833,-17
29.46667,-16
29.47500,-16
29.48333,-15
29.49167,-15
29.50000,-14
29.50833,-14
29.51667,-13
29.52500,-13
29.53333,-13
29.54167,-12
29.55000,-11
29.55833,-10
29.56667,-10
29.57500,-9
29.58333,-9
29.59167,-9
29.60000,-9
29.60833,-8
29.61667,-8
29.62500,-8
29.63333,-8
29.64167,-8
29.65000,-7
29.65833,-7
29.66667,-7
29.67500,-7
29.68333,-7
29.69167,-6
29.70000,-6
29.70833,-6
29.71667,-6
29.72500,-6
29.73333,-6
29.74167,-6
29.75000,-5
29.75833,-5
29.76667,-5
29.77500,-4
29.78333,-4
29.79167,-3
29.80000,-3
29.80833,-3
29.81667,-3
29.82500,-3
29.83333,-3
29.84167,-3
29.85000,-3
29.85833,-2
29.86667,-3
29.87500,-3
29.88333,-3
29.89167,-3
29.90000,-2
29.90833,-2
29.91667,-2
29.92500,-2
29.93333,-2
29.94167,-2
29.95000,-2
29.95833,-2
29.96667,-2
29.97500,-1
29.98333,-1
29.99167,-1
30.00000,-1
30.00833,-1
30.01667,-1
30.02500,-2
30.03333,-2
30.04167,-1
30.05000,-1
30.05833,-1
30.06667,-1
30.07500,-0
30.08333,-0
30.09167,-1
30.10000,-1
30.10833,-1
30.11667,-1
30.12500,-1
30.13333,-1
30.14167,-1
30.15000,-1
30.15833,-0
30.16667,-0
30.17500,-1
30.18333,-1
30.19167,-1
30.20000,-1
30.20833,-0
30.21667,-0
30.22500,0
30.23333,-0
30.24167,-0
30.25000,-0
30.25833,-0
30.26667,-0
30.27500,0
30.28333,0
30.29167,0
30.30000,0
30.30833,-0
30.31667,-0
30.32500,-0
30.33333,0
30.34167,0
30.35000,0
30.35833,1
30.36667,1
30.37500,1
30.38333,1
30.39167,1
30.40000,1
30.40833,1
30.41667,1
30.42500,1
30.43333,1
30.44167,1
30.45000,1
30.45833,2
30.46667,1
30.47500,1
30.48333,1
30.49167,1
30.50000,1
30.50833,1
30.51667,1
30.52500,1
30.53333,1
30.54167,1
30.55000,1
30.55833,1
30.56667,1
30.57500,1
30.58333,1
30.59167,1
30.60000,1
30.60833,1
30.61667,1
30.62500,1
30.63333,1
30.64167,1
30.65000,1
30.65833,1
30.66667,0
30.67500,0
30.68333,0
30.69167,0
30.70000,0
30.70833,-0
30.71667,0
30.72500,0
30.73333,1
30.74167,1
30.75000,1
30.75833,2
30.76667,2
30.77500,2
30.78333,2
30.79167,2
30.80000,2
30.80833,2
30.81667,2
30.82500,2
30.83333,2
30.84167,2
30.85000,2
30.85833,2
30.86667,2
30.87500,2
30.88333,2
30.89167,2
30.90000,2
30.90833,3
30.91667,3
30.92500,2
30.93333,2
30.94167,1
30.95000,1
30.95833,1
30.96667,2
30.97500,2
30.98333,2
30.99167,2
31.00000,2
31.00833,3
31.01667,3
31.02500,2
31.03333,2
31.04167,2
31.05000,2
31.05833,2
31.06667,2
31.07500,2
31.08333,2
31.09167,2
31.10000,3
31.10833,3
31.11667,3
31.12500,3
31.13333,3
31.14167,2
31.15000,2
31.15833,2
31.16667,2
31.17500,2
31.18333,2
31.19167,2
31.20000,2
31.20833,2
31.21667,3
31.22500,3
31.23333,2
31.24167,2
31.25000,2
31.25833,3
31.26667,3
31.27500,3
31.28333,3
31.29167,3
31.30000,3
31.30833,3
31.31667,3
31.32500,3
31.33333,3
31.34167,3
31.35000,3
31.35833,3
31.36667,3
31.37500,2
31.38333,3
31.39167,3
31.40000,3
31.40833,3
31.41667,3
31.42500,3
31.43333,3
31.44167,3
31.45000,3
31.45833,3
31.46667,3
31.47500,3
31.48333,3
31.49167,3
31.50000,3
31.50833,3
31.51667,3
31.52500,3
31.53333,3
31.54167,3
31.55000,3
31.55833,3
31.56667,3
31.57500,3
31.58333,3
31.59167,3
31.60000,3
31.60833,3
31.61667,2
31.62500,2
31.63333,3
31.64167,3
31.65000,3
31.65833,3
31.66667,3
31.67500,4
31.68333,4
31.69167,4
31.70000,4
31.70833,4
31.71667,4
31.72500,4
31.73333,3
31.74167,3
31.75000,3
31.75833,4
31.76667,4
31.77500,4
31.78333,4
31.79167,4
31.80000,4
31.80833,4
31.81667,3
31.82500,3
31.83333,3
31.84167,3
31.85000,4
31.85833,4
31.86667,4
31.87500,4
31.88333,4
31.89167,4
31.90000,4
31.90833,4
31.91667,4
31.92500,3
31.93333,3
31.94167,3
31.95000,3
31.95833,3
31.96667,3
31.97500,2
31.98333,2
31.99167,2
32.00000,2
32.00833,2
32.01667,2
32.02500,3
32.03333,3
32.04167,3
32.05000,3
32.05833,3
32.06667,3
32.07500,3
32.08333,3
32.09167,4
32.10000,4
32.10833,4
32.11667,4
32.12500,4
32.13333,4
32.14167,4
32.15000,4
32.15833,4
32.16667,4
32.17500,4
32.18333,4
32.19167,4
32.20000,4
32.20833,4
32.21667,4
32.22500,4
32.23333,3
32.24167,3
32.25000,4
32.25833,3
32.26667,3
32.27500,3
32.28333,3
32.29167,4
32.30000,4
32.30833,4
32.31667,5
32.32500,5
32.33333,4
32.34167,4
32.35000,4
32.35833,5
32.36667,5
32.37500,5
32.38333,5
32.39167,5
32.40000,5
32.40833,5
32.41667,4
32.42500,4
32.43333,4
32.44167,4
32.45000,4
32.45833,4
32.46667,4
32.47500,4
32.48333,4
32.49167,4
32.50000,4
32.50833,4
32.51667,4
32.52500,5
32.53333,5
32.54167,5
32.55000,4
32.55833,4
32.56667,4
32.57500,4
32.58333,3
32.59167,3
32.60000,3
32.60833,3
32.61667,4
32.62500,4
32.63333,4
32.64167,4
32.65000,3
32.65833,3
32.66667,3
32.67500,3
32.68333,3
32.69167,3
32.70000,3
32.70833,3
32.71667,3
32.72500,3
32.73333,3
32.74167,3
32.75000,2
32.75833,2
32.76667,2
32.77500,2
32.78333,2
32.79167,3
32.80000,3
32.80833,2
32.81667,2
32.82500,2
32.83333,2
32.84167,2
32.85000,2
32.85833,3
32.86667,3
32.87500,3
32.88333,3
32.89167,2
32.90000,2
32.90833,2
32.91667,2
32.92500,2
32.93333,2
32.94167,2
32.95000,2
32.95833,2
32.96667,2
32.97500,2
32.98333,2
32.99167,1
33.00000,1
33.00833,1
33.01667,1
33.02500,1
33.03333,1
33.04167,1
33.05000,1
33.05833,1
33.06667,1
33.07500,1
33.08333,1
33.09167,1
33.10000,1
33.10833,1
33.11667,1
33.12500,1
33.13333,1
33.14167,1
33.15000,1
33.15833,1
33.16667,1
33.17500,1
33.18333,1
33.19167,1
33.20000,1
33.20833,1
33.21667,1
33.22500,1
33.23333,1
33.24167,1
33.25000,1
33.25833,1
33.26667,1
33.27500,1
33.28333,1
33.29167,0
33.30000,0
33.30833,1
33.31667,1
33.32500,1
33.33333,1
33.34167,1
33.35000,1
33.35833,2
33.36667,2
33.37500,2
33.38333,2
33.39167,2
33.40000,1
33.40833,1
33.41667,1
33.42500,2
33.43333,2
33.44167,2
33.45000,2
33.45833,3
33.46667,3
33.47500,3
33.48333,3
33.49167,3
33.50000,3
33.50833,2
33.51667,2
33.52500,2
33.53333,2
33.54167,2
33.55000,2
33.55833,2
33.56667,3
33.57500,3
33.58333,3
33.59167,3
33.60000,3
33.60833,4
33.61667,4
33.62500,4
33.63333,4
33.64167,4
33.65000,3
33.65833,3
33.66667,4
33.67500,3
33.68333,4
33.69167,4
33.70000,4
33.70833,4
33.71667,4
33.72500,4
33.73333,4
33.74167,4
33.75000,4
33.75833,4
33.76667,4
33.77500,4
33.78333,4
33.79167,4
33.80000,4
33.80833,4
33.81667,4
33.82500,4
33.83333,4
33.84167,4
33.85000,4
33.85833,4
33.86667,4
33.87500,4
33.88333,4
33.89167,4
33.90000,4
33.90833,4
33.91667,4
33.92500,4
33.93333,4
33.94167,4
33.95000,4
33.95833,5
33.96667,5
33.97500,5
33.98333,5
33.99167,5
34.00000,4
34.00833,4
34.01667,4
34.02500,4
34.03333,4
34.04167,5
34.05000,4
34.05833,4
34.06667,4
34.07500,4
34.08333,4
34.09167,4
34.10000,5
34.10833,5
34.11667,5
34.12500,4
34.13333,4
34.14167,4
34.15000,4
34.15833,4
34.16667,4
34.17500,4
34.18333,5
34.19167,5
34.20000,5
34.20833,5
34.21667,5
34.22500,5
34.23333,5
34.24167,5
34.25000,4
34.25833,4
34.26667,4
34.27500,4
34.28333,4
34.29167,4
34.30000,5
34.30833,4
34.31667,4
34.32500,4
34.33333,4
34.34167,5
34.35000,5
34.35833,5
34.36667,5
34.37500,5
34.38333,5
34.39167,5
34.40000,5
34.40833,5
34.41667,5
34.42500,5
34.43333,4
34.44167,4
34.45000,4
34.45833,4
34.46667,4
34.47500,4
34.48333,5
34.49167,5
34.50000,5
34.50833,5
34.51667,5
34.52500,5
34.53333,6
34.54167,6
34.55000,6
34.55833,6
34.56667,6
34.57500,6
34.58333,6
34.59167,6
34.60000,6
34.60833,7
34.61667,7
34.62500,6
34.63333,6
34.64167,6
34.65000,6
34.65833,6
34.66667,6
34.67500,6
34.68333,6
34.69167,6
34.70000,6
34.70833,6
34.71667,7
34.72500,6
34.73333,6
34.74167,6
34.75000,6
34.75833,6
34.76667,6
34.77500,6
34.78333,6
34.79167,7
34.80000,7
34.80833,7
34.81667,6
34.82500,6
34.83333,6
34.84167,6
34.85000,7
34.85833,7
34.86667,6
34.87500,6
34.88333,6
34.89167,6
34.90000,6
34.90833,6
34.91667,6
34.92500,6
34.93333,6
34.94167,7
34.95000,7
34.95833,6
34.96667,5
34.97500,5
34.98333,5
34.99167,6
35.00000,6
35.00833,6
35.01667,6
35.02500,6
35.03333,6
35.04167,6
35.05000,6
35.05833,6
35.06667,6
35.07500,6
35.08333,6
35.09167,6
35.10000,6
35.10833,6
35.11667,6
35.12500,6
35.13333,6
35.14167,6
35.15000,6
35.15833,7
35.16667,7
35.17500,7
35.18333,7
35.19167,7
35.20000,7
35.20833,7
35.21667,7
35.22500,7
35.23333,7
35.24167,7
35.25000,7
35.25833,7
35.26667,7
35.27500,7
35.28333,7
35.29167,7
35.30000,7
35.30833,7
35.31667,7
35.32500,7
35.33333,7
35.34167,7
35.35000,6
35.35833,7
35.36667,7
35.37500,7
35.38333,7
35.39167,7
35.40000,7
35.40833,7
35.41667,7
35.42500,7
35.43333,7
35.44167,6
35.45000,6
35.45833,7
35.46667,7
35.47500,7
35.48333,7
35.49167,7
35.50000,7
35.50833,7
35.51667,7
35.52500,7
35.53333,7
35.54167,7
35.55000,7
35.55833,7
35.56667,7
35.57500,7
35.58333,7
35.59167,7
35.60000,7
35.60833,7
35.61667,8
35.62500,8
35.63333,7
35.64167,7
35.65000,7
35.65833,7
35.66667,7
35.67500,7
35.68333,7
35.69167,7
35.70000,7
35.70833,7
35.71667,7
35.72500,7
35.73333,7
35.74167,7
35.75000,7
35.75833,7
35.76667,7
35.77500,8
35.78333,7
35.79167,7
35.80000,7
35.80833,7
35.81667,7
35.82500,7
35.83333,7
35.84167,8
35.85000,8
35.85833,7
35.86667,7
35.87500,7
35.88333,7
35.89167,7
35.90000,7
35.90833,7
35.91667,7
35.92500,7
35.93333,8
35.94167,8
35.95000,8
35.95833,8
35.96667,7
35.97500,7
35.98333,8
35.99167,8
36.00000,8
36.00833,8
36.01667,8
36.02500,8
36.03333,9
36.04167,9
36.05000,8
36.05833,9
36.06667,9
36.07500,9
36.08333,9
36.09167,9
36.10000,9
36.10833,9
36.11667,9
36.12500,9
36.13333,9
36.14167,9
36.15000,9
36.15833,9
36.16667,8
36.17500,8
36.18333,8
36.19167,8
36.20000,8
36.20833,8
36.21667,9
36.22500,9
36.23333,9
36.24167,9
36.25000,9
36.25833,9
36.26667,9
36.27500,9
36.28333,9
36.29167,9
36.30000,9
36.30833,9
36.31667,9
36.32500,9
36.33333,9
36.34167,9
36.35000,9
36.35833,10
36.36667,10
36.37500,10
36.38333,10
36.39167,10
36.40000,10
36.40833,10
36.41667,10
36.42500,10
36.43333,10
36.44167,11
36.45000,11
36.45833,11
36.46667,11
36.47500,11
36.48333,11
36.49167,11
36.50000,11
36.50833,11
36.51667,11
36.52500,11
36.53333,11
36.54167,11
36.55000,11
36.55833,10
36.56667,10
36.57500,11
36.58333,11
36.59167,11
36.60000,11
36.60833,11
36.61667,12
36.62500,12
36.63333,12
36.64167,12
36.65000,12
36.65833,12
36.66667,12
36.67500,13
36.68333,13
36.69167,13
36.70000,14
36.70833,14
36.71667,14
36.72500,13
36.73333,13
36.74167,13
36.75000,13
36.75833,13
36.76667,14
36.77500,14
36.78333,14
36.79167,14
36.80000,14
36.80833,14
36.81667,15
36.82500,15
36.83333,15
36.84167,15
36.85000,15
36.85833,15
36.86667,15
36.87500,16
36.88333,16
36.89167,16
36.90000,16
36.90833,16
36.91667,16
36.92500,16
36.93333,16
36.94167,16
36.95000,16
36.95833,15
36.96667,15
36.97500,15
36.98333,15
36.99167,16
37.00000,16
37.00833,16
37.01667,16
37.02500,17
37.03333,17
37.04167,17
37.05000,16
37.05833,16
37.06667,16
37.07500,16
37.08333,16
37.09167,17
37.10000,17
37.10833,17
37.11667,17
37.12500,17
37.13333,17
37.14167,17
37.15000,17
37.15833,17
37.16667,17
37.17500,17
37.18333,17
37.19167,17
37.20000,17
37.20833,18
37.21667,18
37.22500,17
37.23333,17
37.24167,17
37.25000,17
37.25833,17
37.26667,17
37.27500,17
37.28333,17
37.29167,17
37.30000,17
37.30833,17
37.31667,16
37.32500,17
37.33333,17
37.34167,17
37.35000,18
37.35833,18
37.36667,18
37.37500,18
37.38333,18
37.39167,18
37.40000,18
37.40833,18
37.41667,18
37.42500,18
37.43333,18
37.44167,18
37.45000,17
37.45833,17
37.46667,17
37.47500,17
37.48333,17
37.49167,17
37.50000,17
37.50833,17
37.51667,17
37.52500,17
37.53333,17
37.54167,17
37.55000,17
37.55833,17
37.56667,17
37.57500,17
37.58333,17
37.59167,18
37.60000,18
37.60833,18
37.61667,18
37.62500,17
37.63333,17
37.64167,17
37.65000,17
37.65833,17
37.66667,17
37.67500,17
37.68333,17
37.69167,17
37.70000,17
37.70833,17
37.71667,17
37.72500,17
37.73333,17
37.74167,17
37.75000,17
37.75833,17
37.76667,17
37.77500,17
37.78333,17
37.79167,17
37.80000,17
37.80833,17
37.81667,16
37.82500,16
37.83333,16
37.84167,16
37.85000,16
37.85833,16
37.86667,16
37.87500,16
37.88333,16
37.89167,15
37.90000,15
37.90833,15
37.91667,15
37.92500,15
37.93333,15
37.94167,14
37.95000,14
37.95833,15
37.96667,15
37.97500,14
37.98333,14
37.99167,14
38.00000,14
38.00833,15
38.01667,14
38.02500,14
38.03333,14
38.04167,14
38.05000,14
38.05833,14
38.06667,14
38.07500,14
38.08333,14
38.09167,14
38.10000,14
38.10833,14
38.11667,14
38.12500,14
38.13333,13
38.14167,13
38.15000,13
38.15833,13
38.16667,13
38.17500,13
38.18333,13
38.19167,14
38.20000,14
38.20833,14
38.21667,14
38.22500,14
38.23333,13
38.24167,13
38.25000,13
38.25833,14
38.26667,13
38.27500,13
38.28333,13
38.29167,13
38.30000,13
38.30833,12
38.31667,12
38.32500,13
38.33333,13
38.34167,13
38.35000,13
38.35833,12
38.36667,12
38.37500,12
38.38333,12
38.39167,12
38.40000,12
38.40833,12
38.41667,12
38.42500,12
38.43333,12
38.44167,11
38.45000,11
38.45833,11
38.46667,11
38.47500,11
38.48333,11
38.49167,11
38.50000,11
38.50833,11
38.51667,11
38.52500,11
38.53333,11
38.54167,11
38.55000,11
38.55833,11
38.56667,11
38.57500,11
38.58333,10
38.59167,10
38.60000,10
38.60833,11
38.61667,11
38.62500,11
38.63333,11
38.64167,11
38.65000,11
38.65833,11
38.66667,11
38.67500,10
38.68333,10
38.69167,10
38.70000,11
38.70833,11
38.71667,11
38.72500,11
38.73333,11
38.74167,11
38.75000,11
38.75833,11
38.76667,11
38.77500,11
38.78333,11
38.79167,11
38.80000,11
38.80833,11
38.81667,11
38.82500,11
38.83333,10
38.84167,10
38.85000,10
38.85833,10
38.86667,10
38.87500,9
38.88333,9
38.89167,9
38.90000,10
38.90833,10
38.91667,10
38.92500,10
38.93333,10
38.94167,10
38.95000,10
38.95833,10
38.96667,10
38.97500,10
38.98333,10
38.99167,10
39.00000,10
39.00833,10
39.01667,9
39.02500,9
39.03333,9
39.04167,9
39.05000,9
39.05833,9
39.06667,9
39.07500,10
39.08333,10
39.09167,10
39.10000,10
39.10833,10
39.11667,10
39.12500,9
39.13333,9
39.14167,9
39.15000,9
39.15833,9
39.16667,9
39.17500,10
39.18333,10
39.19167,10
39.20000,10
39.20833,10
39.21667,9
39.22500,9
39.23333,8
39.24167,8
39.25000,8
39.25833,8
39.26667,9
39.27500,9
39.28333,9
39.29167,9
39.30000,9
39.30833,9
39.31667,9
39.32500,8
39.33333,8
39.34167,8
39.35000,8
39.35833,8
39.36667,8
39.37500,9
39.38333,9
39.39167,9
39.40000,10
39.40833,10
39.41667,10
39.42500,10
39.43333,11
39.44167,11
39.45000,11
39.45833,11
39.46667,11
39.47500,11
39.48333,11
39.49167,11
39.50000,11
39.50833,11
39.51667,11
39.52500,10
39.53333,10
39.54167,10
39.55000,9
39.55833,9
39.56667,9
39.57500,9
39.58333,9
39.59167,9
39.60000,9
39.60833,9
39.61667,9
39.62500,9
39.63333,10
39.64167,9
39.65000,10
39.65833,10
39.66667,9
39.67500,9
39.68333,9
39.69167,9
39.70000,9
39.70833,9
39.71667,9
39.72500,9
39.73333,9
39.74167,9
39.75000,9
39.75833,10
39.76667,9
39.77500,9
39.78333,9
39.79167,9
39.80000,9
39.80833,9
39.81667,9
39.82500,9
39.83333,9
39.84167,9
39.85000,9
39.85833,9
39.86667,9
39.87500,9
39.88333,9
39.89167,9
39.90000,10
39.90833,10
39.91667,10
39.92500,10
39.93333,10
39.94167,9
39.95000,9
39.95833,9
39.96667,9
39.97500,10
39.98333,10
39.99167,10
40.00000,10
40.00833,10
40.01667,10
40.02500,10
40.03333,10
40.04167,10
40.05000,10
40.05833,10
40.06667,10
40.07500,9
40.08333,9
40.09167,9
40.10000,9
40.10833,9
40.11667,10
40.12500,10
40.13333,9
40.14167,9
40.15000,10
40.15833,10
40.16667,10
40.17500,11
40.18333,11
40.19167,10
40.20000,10
40.20833,10
40.21667,10
40.22500,9
40.23333,9
40.24167,9
40.25000,9
40.25833,9
40.26667,9
40.27500,9
40.28333,9
40.29167,9
40.30000,9
40.30833,9
40.31667,9
40.32500,10
40.33333,10
40.34167,10
40.35000,9
40.35833,9
40.36667,9
40.37500,9
40.38333,9
40.39167,9
40.40000,9
40.40833,10
40.41667,10
40.42500,10
40.43333,10
40.44167,10
40.45000,10
40.45833,10
40.46667,10
40.47500,10
40.48333,10
40.49167,10
40.50000,10
40.50833,10
40.51667,10
40.52500,10
40.53333,10
40.54167,10
40.55000,10
40.55833,11
40.56667,11
40.57500,11
40.58333,11
40.59167,11
40.60000,10
40.60833,10
40.61667,10
40.62500,10
40.63333,10
40.64167,10
40.65000,11
40.65833,10
40.66667,10
40.67500,10
40.68333,10
40.69167,10
40.70000,10
40.70833,10
40.71667,10
40.72500,10
40.73333,10
40.74167,10
40.75000,10
40.75833,10
40.76667,10
40.77500,10
40.78333,10
40.79167,10
40.80000,10
40.80833,10
40.81667,10
40.82500,10
40.83333,10
40.84167,10
40.85000,11
40.85833,11
40.86667,11
40.87500,10
40.88333,10
40.89167,10
40.90000,11
40.90833,11
40.91667,11
40.92500,11
40.93333,11
40.94167,10
40.95000,10
40.95833,11
40.96667,11
40.97500,11
40.98333,11
40.99167,11
41.00000,11
41.00833,11
41.01667,11
41.02500,11
41.03333,11
41.04167,11
41.05000,11
41.05833,11
41.06667,12
41.07500,11
41.08333,11
41.09167,11
41.10000,11
41.10833,12
41.11667,12
41.12500,12
41.13333,12
41.14167,11
41.15000,11
41.15833,11
41.16667,11
41.17500,11
41.18333,11
41.19167,11
41.20000,11
41.20833,11
41.21667,11
41.22500,11
41.23333,11
41.24167,12
41.25000,11
41.25833,12
41.26667,12
41.27500,12
41.28333,12
41.29167,12
41.30000,12
41.30833,12
41.31667,11
41.32500,11
41.33333,11
41.34167,11
41.35000,11
41.35833,11
41.36667,11
41.37500,12
41.38333,12
41.39167,12
41.40000,12
41.40833,12
41.41667,12
41.42500,12
41.43333,11
41.44167,11
41.45000,11
41.45833,11
41.46667,11
41.47500,12
41.48333,12
41.49167,12
41.50000,12
41.50833,12
41.51667,12
41.52500,12
41.53333,12
41.54167,12
41.55000,11
41.55833,11
41.56667,11
41.57500,11
41.58333,11
41.59167,12
41.60000,12
41.60833,12
41.61667,12
41.62500,12
41.63333,12
41.64167,12
41.65000,13
41.65833,12
41.66667,12
41.67500,12
41.68333,12
41.69167,12
41.70000,12
41.70833,11
41.71667,11
41.72500,12
41.73333,12
41.74167,12
41.75000,12
41.75833,12
41.76667,12
41.77500,13
41.78333,13
41.79167,13
41.80000,13
41.80833,13
41.81667,13
41.82500,13
41.83333,13
41.84167,13
41.85000,13
41.85833,13
41.86667,13
41.87500,12
41.88333,12
41.89167,12
41.90000,12
41.90833,12
41.91667,12
41.92500,12
41.93333,12
41.94167,12
41.95000,12
41.95833,12
41.96667,13
41.97500,13
41.98333,13
41.99167,13
42.00000,13
42.00833,13
42.01667,13
42.02500,13
42.03333,13
42.04167,13
42.05000,13
42.05833,13
42.06667,13
42.07500,13
42.08333,13
42.09167,13
42.10000,13
42.10833,13
42.11667,13
42.12500,13
42.13333,13
42.14167,13
42.15000,13
42.15833,13
42.16667,13
42.17500,13
42.18333,14
42.19167,14
42.20000,13
42.20833,13
42.21667,13
42.22500,13
42.23333,13
42.24167,12
42.25000,12
42.25833,12
42.26667,13
42.27500,13
42.28333,13
42.29167,13
42.30000,13
42.30833,13
42.31667,13
42.32500,13
42.33333,14
42.34167,14
42.35000,14
42.35833,14
42.36667,14
42.37500,14
42.38333,14
42.39167,14
42.40000,14
42.40833,14
42.41667,14
42.42500,14
42.43333,14
42.44167,14
42.45000,13
42.45833,13
42.46667,13
42.47500,14
42.48333,14
42.49167,14
42.50000,15
42.50833,14
42.51667,14
42.52500,14
42.53333,14
42.54167,14
42.55000,14
42.55833,14
42.56667,13
42.57500,14
42.58333,14
42.59167,14
42.60000,13
42.60833,13
42.61667,13
42.62500,13
42.63333,14
42.64167,14
42.65000,14
42.65833,14
42.66667,14
42.67500,13
42.68333,13
42.69167,13
42.70000,14
42.70833,14
42.71667,14
42.72500,14
42.73333,14
42.74167,14
42.75000,14
42.75833,15
42.76667,15
42.77500,14
42.78333,14
42.79167,14
42.80000,14
42.80833,14
42.81667,14
42.82500,14
42.83333,14
42.84167,14
42.85000,14
42.85833,14
42.86667,14
42.87500,14
42.88333,14
42.89167,14
42.90000,14
42.90833,14
42.91667,14
42.92500,15
42.93333,15
42.94167,15
42.95000,15
42.95833,14
42.96667,14
42.97500,14
42.98333,14
42.99167,15
43.00000,15
43.00833,15
43.01667,15
43.02500,15
43.03333,15
43.04167,15
43.05000,15
43.05833,15
43.06667,15
43.07500,15
43.08333,15
43.09167,16
43.10000,16
43.10833,16
43.11667,16
43.12500,15
43.13333,15
43.14167,15
43.15000,15
43.15833,15
43.16667,15
43.17500,15
43.18333,15
43.19167,15
43.20000,15
43.20833,15
43.21667,15
43.22500,15
43.23333,16
43.24167,16
43.25000,16
43.25833,15
43.26667,15
43.27500,15
43.28333,15
43.29167,15
43.30000,15
43.30833,16
43.31667,16
43.32500,16
43.33333,16
43.34167,16
43.35000,15
43.35833,15
43.36667,15
43.37500,15
43.38333,15
43.39167,16
43.40000,16
43.40833,16
43.41667,16
43.42500,16
43.43333,16
43.44167,16
43.45000,16
43.45833,16
43.46667,16
43.47500,16
43.48333,15
43.49167,15
43.50000,14
43.50833,14
43.51667,15
43.52500,15
43.53333,15
43.54167,15
43.55000,16
43.55833,16
43.56667,16
43.57500,16
43.58333,16
43.59167,16
43.60000,16
43.60833,16
43.61667,16
43.62500,16
43.63333,16
43.64167,16
43.65000,16
43.65833,16
43.66667,16
43.67500,16
43.68333,16
43.69167,16
43.70000,16
43.70833,16
43.71667,16
43.72500,16
43.73333,17
43.74167,17
43.75000,17
43.75833,17
43.76667,17
43.77500,17
43.78333,16
43.79167,16
43.80000,16
43.80833,17
43.81667,17
43.82500,17
43.83333,17
43.84167,17
43.85000,16
43.85833,16
43.86667,16
43.87500,16
43.88333,16
43.89167,16
43.90000,16
43.90833,16
43.91667,17
43.92500,17
43.93333,17
43.94167,17
43.95000,17
43.95833,17
43.96667,17
43.97500,16
43.98333,16
43.99167,16
44.00000,16
44.00833,16
44.01667,16
44.02500,16
44.03333,17
44.04167,17
44.05000,17
44.05833,17
44.06667,17
44.07500,17
44.08333,16
44.09167,16
44.10000,16
44.10833,17
44.11667,17
44.12500,17
44.13333,17
44.14167,16
44.15000,16
44.15833,17
44.16667,17
44.17500,17
44.18333,16
44.19167,17
44.20000,17
44.20833,17
44.21667,17
44.22500,17
44.23333,16
44.24167,16
44.25000,16
44.25833,16
44.26667,16
44.27500,16
44.28333,16
44.29167,16
44.30000,16
44.30833,16
44.31667,16
44.32500,16
44.33333,16
44.34167,16
44.35000,16
44.35833,16
44.36667,16
44.37500,17
44.38333,17
44.39167,17
44.40000,17
44.40833,16
44.41667,16
44.42500,16
44.43333,17
44.44167,17
44.45000,17
44.45833,17
44.46667,17
44.47500,17
44.48333,17
44.49167,16
44.50000,16
44.50833,17
44.51667,17
44.52500,17
44.53333,17
44.54167,17
44.55000,16
44.55833,16
44.56667,16
44.57500,16
44.58333,16
44.59167,15
44.60000,15
44.60833,15
44.61667,15
44.62500,16
44.63333,16
44.64167,16
44.65000,16
44.65833,16
44.66667,16
44.67500,16
44.68333,16
44.69167,16
44.70000,16
44.70833,16
44.71667,15
44.72500,15
44.73333,15
44.74167,16
44.75000,16
44.75833,17
44.76667,17
44.77500,16
44.78333,16
44.79167,16
44.80000,16
44.80833,17
44.81667,16
44.82500,16
44.83333,16
44.84167,15
44.85000,16
44.85833,16
44.86667,16
44.87500,16
44.88333,16
44.89167,16
44.90000,16
44.90833,16
44.91667,16
44.92500,17
44.93333,17
44.94167,18
44.95000,18
44.95833,18
44.96667,17
44.97500,17
44.98333,17
44.99167,17
45.00000,17
45.00833,17
45.01667,17
45.02500,17
45.03333,17
45.04167,17
45.05000,17
45.05833,17
45.06667,16
45.07500,16
45.08333,16
45.09167,16
45.10000,16
45.10833,16
45.11667,16
45.12500,16
45.13333,16
45.14167,16
45.15000,16
45.15833,16
45.16667,17
45.17500,17
45.18333,17
45.19167,17
45.20000,17
45.20833,17
45.21667,17
45.22500,17
45.23333,17
45.24167,16
45.25000,16
45.25833,16
45.26667,16
45.27500,16
45.28333,16
45.29167,16
45.30000,16
45.30833,16
45.31667,16
45.32500,16
45.33333,16
45.34167,16
45.35000,16
45.35833,16
45.36667,16
45.37500,16
45.38333,17
45.39167,17
45.40000,17
45.40833,17
45.41667,18
45.42500,17
45.43333,17
45.44167,17
45.45000,17
45.45833,17
45.46667,17
45.47500,17
45.48333,17
45.49167,17
45.50000,17
45.50833,17
45.51667,17
45.52500,17
45.53333,17
45.54167,17
45.55000,17
45.55833,18
45.56667,18
45.57500,18
45.58333,18
45.59167,18
45.60000,18
45.60833,18
45.61667,18
45.62500,18
45.63333,18
45.64167,18
45.65000,18
45.65833,18
45.66667,17
45.67500,17
45.68333,17
45.69167,17
45.70000,17
45.70833,17
45.71667,18
45.72500,18
45.73333,18
45.74167,19
45.75000,19
45.75833,18
45.76667,18
45.77500,18
45.78333,18
45.79167,18
45.80000,18
45.80833,18
45.81667,18
45.82500,17
45.83333,17
45.84167,17
45.85000,17
45.85833,17
45.86667,17
45.87500,17
45.88333,18
45.89167,18
45.90000,18
45.90833,18
45.91667,18
45.92500,18
45.93333,18
45.94167,18
45.95000,18
45.95833,18
45.96667,18
45.97500,18
45.98333,18
45.99167,18
46.00000,18
46.00833,18
46.01667,18
46.02500,18
46.03333,18
46.04167,18
46.05000,18
46.05833,17
46.06667,17
46.07500,17
46.08333,17
46.09167,17
46.10000,17
46.10833,17
46.11667,17
46.12500,17
46.13333,17
46.14167,17
46.15000,17
46.15833,17
46.16667,17
46.17500,18
46.18333,18
46.19167,18
46.20000,17
46.20833,17
46.21667,17
46.22500,17
46.23333,17
46.24167,17
46.25000,17
46.25833,17
46.26667,17
46.27500,17
46.28333,18
46.29167,18
46.30000,18
46.30833,17
46.31667,17
46.32500,17
46.33333,17
46.34167,17
46.35000,17
46.35833,17
46.36667,17
46.37500,17
46.38333,17
46.39167,17
46.40000,17
46.40833,17
46.41667,17
46.42500,17
46.43333,17
46.44167,18
46.45000,18
46.45833,18
46.46667,18
46.47500,18
46.48333,18
46.49167,18
46.50000,18
46.50833,18
46.51667,18
46.52500,18
46.53333,19
46.54167,19
46.55000,19
46.55833,19
46.56667,19
46.57500,18
46.58333,18
46.59167,18
46.60000,18
46.60833,18
46.61667,19
46.62500,19
46.63333,18
46.64167,18
46.65000,18
46.65833,18
46.66667,18
46.67500,18
46.68333,18
46.69167,18
46.70000,18
46.70833,18
46.71667,18
46.72500,18
46.73333,18
46.74167,18
46.75000,18
46.75833,18
46.76667,18
46.77500,18
46.78333,19
46.79167,19
46.80000,19
46.80833,18
46.81667,18
46.82500,18
46.83333,18
46.84167,18
46.85000,18
46.85833,18
46.86667,18
46.87500,18
46.88333,18
46.89167,18
46.90000,18
46.90833,18
46.91667,18
46.92500,18
46.93333,18
46.94167,18
46.95000,18
46.95833,18
46.96667,18
46.97500,18
46.98333,17
46.99167,17
47.00000,17
47.00833,18
47.01667,18
47.02500,18
47.03333,18
47.04167,18
47.05000,18
47.05833,18
47.06667,18
47.07500,19
47.08333,19
47.09167,19
47.10000,19
47.10833,19
47.11667,18
47.12500,18
47.13333,19
47.14167,19
47.15000,19
47.15833,19
47.16667,19
47.17500,18
47.18333,18
47.19167,18
47.20000,18
47.20833,18
47.21667,18
47.22500,18
47.23333,18
47.24167,18
47.25000,18
47.25833,18
47.26667,18
47.27500,17
47.28333,17
47.29167,18
47.30000,18
47.30833,18
47.31667,19
47.32500,19
47.33333,19
47.34167,19
47.35000,19
47.35833,19
47.36667,19
47.37500,18
47.38333,18
47.39167,18
47.40000,18
47.40833,18
47.41667,18
47.42500,18
47.43333,17
47.44167,17
47.45000,17
47.45833,18
47.46667,18
47.47500,18
47.48333,17
47.49167,17
47.50000,17
47.50833,17
47.51667,17
47.52500,17
47.53333,18
47.54167,18
47.55000,18
47.55833,18
47.56667,18
47.57500,18
47.58333,18
47.59167,18
47.60000,18
47.60833,18
47.61667,18
47.62500,18
47.63333,19
47.64167,18
47.65000,18
47.65833,17
47.66667,17
47.67500,17
47.68333,17
47.69167,17
47.70000,17
47.70833,18
47.71667,18
47.72500,18
47.73333,18
47.74167,18
47.75000,18
47.75833,18
47.76667,18
47.77500,18
47.78333,18
47.79167,18
47.80000,18
47.80833,18
47.81667,18
47.82500,18
47.83333,19
47.84167,18
47.85000,18
47.85833,18
47.86667,18
47.87500,18
47.88333,18
47.89167,18
47.90000,18
47.90833,18
47.91667,18
47.92500,18
47.93333,18
47.94167,18
47.95000,18
47.95833,18
47.96667,18
47.97500,18
47.98333,18
47.99167,18
48.00000,17
48.00833,17
48.01667,17
48.02500,18
48.03333,18
48.04167,18
48.05000,18
48.05833,18
48.06667,18
48.07500,18
48.08333,18
48.09167,17
48.10000,17
48.10833,18
48.11667,18
48.12500,19
48.13333,19
48.14167,19
48.15000,19
48.15833,19
48.16667,19
48.17500,18
48.18333,18
48.19167,18
48.20000,18
48.20833,18
48.21667,18
48.22500,18
48.23333,18
48.24167,18
48.25000,19
48.25833,19
48.26667,18
48.27500,18
48.28333,18
48.29167,18
48.30000,18
48.30833,18
48.31667,18
48.32500,18
48.33333,18
48.34167,18
48.35000,18
48.35833,18
48.36667,18
48.37500,18
48.38333,18
48.39167,18
48.40000,18
48.40833,18
48.41667,18
48.42500,18
48.43333,18
48.44167,18
48.45000,19
48.45833,18
48.46667,18
48.47500,18
48.48333,18
48.49167,17
48.50000,17
48.50833,17
48.51667,18
48.52500,18
48.53333,18
48.54167,18
48.55000,18
48.55833,18
48.56667,18
48.57500,17
48.58333,17
48.59167,17
48.60000,17
48.60833,17
48.61667,17
48.62500,18
48.63333,18
48.64167,18
48.65000,18
48.65833,18
48.66667,18
48.67500,17
48.68333,17
48.69167,17
48.70000,17
48.70833,17
48.71667,17
48.72500,18
48.73333,18
48.74167,18
48.75000,18
48.75833,18
48.76667,18
48.77500,18
48.78333,18
48.79167,18
48.80000,18
48.80833,18
48.81667,18
48.82500,18
48.83333,18
48.84167,18
48.85000,18
48.85833,18
48.86667,18
48.87500,18
48.88333,18
48.89167,18
48.90000,18
48.90833,18
48.91667,18
48.92500,18
48.93333,18
48.94167,18
48.95000,18
48.95833,18
48.96667,18
48.97500,18
48.98333,18
48.99167,18
49.00000,18
49.00833,18
49.01667,17
49.02500,17
49.03333,17
49.04167,17
49.05000,17
49.05833,18
49.06667,18
49.07500,18
49.08333,18
49.09167,18
49.10000,18
49.10833,18
49.11667,18
49.12500,18
49.13333,18
49.14167,18
49.15000,18
49.15833,18
49.16667,18
49.17500,18
49.18333,18
49.19167,18
49.20000,18
49.20833,18
49.21667,17
49.22500,17
49.23333,17
49.24167,17
49.25000,17
49.25833,17
49.26667,17
49.27500,16
49.28333,16
49.29167,17
49.30000,17
49.30833,17
49.31667,17
49.32500,17
49.33333,17
49.34167,17
49.35000,18
49.35833,18
49.36667,19
49.37500,19
49.38333,19
49.39167,18
49.40000,18
49.40833,18
49.41667,18
49.42500,18
49.43333,18
49.44167,18
49.45000,18
49.45833,18
49.46667,19
49.47500,19
49.48333,19
49.49167,19
49.50000,19
49.50833,19
49.51667,19
49.52500,19
49.53333,19
49.54167,19
49.55000,18
49.55833,18
49.56667,18
49.57500,18
49.58333,18
49.59167,18
49.60000,18
49.60833,18
49.61667,18
49.62500,18
49.63333,18
49.64167,18
49.65000,18
49.65833,18
49.66667,17
49.67500,17
49.68333,18
49.69167,18
49.70000,18
49.70833,18
49.71667,18
49.72500,18
49.73333,18
49.74167,18
49.75000,18
49.75833,18
49.76667,18
49.77500,18
49.78333,17
49.79167,17
49.80000,17
49.80833,18
49.81667,18
49.82500,18
49.83333,17
49.84167,17
49.85000,17
49.85833,17
49.86667,17
49.87500,18
49.88333,18
49.89167,18
49.90000,18
49.90833,18
49.91667,18
49.92500,18
49.93333,18
49.94167,18
49.95000,18
49.95833,18
49.96667,18
49.97500,18
49.98333,18
49.99167,17
50.00000,17