time,signal
0.00000,0
0.00833,0
0.01667,0
0.02500,0
0.03333,0
0.04167,0
0.05000,0
0.05833,0
0.06667,0
0.07500,-0
0.08333,-0
0.09167,-0
0.10000,-0
0.10833,-0
0.11667,-0
0.12500,-0
0.13333,-0
0.14167,-0
0.15000,-0
0.15833,-0
0.16667,0
0.17500,0
0.18333,0
0.19167,0
0.20000,1
0.20833,1
0.21667,1
0.22500,1
0.23333,2
0.24167,2
0.25000,2
0.25833,2
0.26667,2
0.27500,2
0.28333,2
0.29167,1
0.30000,1
0.30833,1
0.31667,0
0.32500,0
0.33333,0
0.34167,0
0.35000,0
0.35833,0
0.36667,0
0.37500,0
0.38333,0
0.39167,0
0.40000,-0
0.40833,-0
0.41667,-1
0.42500,-1
0.43333,-1
0.44167,-1
0.45000,-1
0.45833,-1
0.46667,-1
0.47500,-1
0.48333,-0
0.49167,0
0.50000,1
0.50833,1
0.51667,1
0.52500,1
0.53333,1
0.54167,1
0.55000,1
0.55833,0
0.56667,0
0.57500,0
0.58333,0
0.59167,1
0.60000,1
0.60833,1
0.61667,1
0.62500,1
0.63333,1
0.64167,2
0.65000,2
0.65833,2
0.66667,2
0.67500,1
0.68333,1
0.69167,0
0.70000,0
0.70833,0
0.71667,0
0.72500,-0
0.73333,-0
0.74167,0
0.75000,0
0.75833,0
0.76667,0
0.77500,-0
0.78333,-0
0.79167,-1
0.80000,-1
0.80833,-1
0.81667,-1
0.82500,-0
0.83333,-0
0.84167,-0
0.85000,0
0.85833,0
0.86667,0
0.87500,0
0.88333,-0
0.89167,0
0.90000,0
0.90833,0
0.91667,-0
0.92500,-0
0.93333,-0
0.94167,0
0.95000,0
0.95833,0
0.96667,0
0.97500,0
0.98333,0
0.99167,0
1.00000,0
1.00833,0
1.01667,0
1.02500,1
1.03333,1
1.04167,1
1.05000,1
1.05833,1
1.06667,1
1.07500,1
1.08333,1
1.09167,1
1.10000,1
1.10833,1
1.11667,0
1.12500,0
1.13333,1
1.14167,1
1.15000,1
1.15833,1
1.16667,1
1.17500,1
1.18333,1
1.19167,1
1.20000,1
1.20833,1
1.21667,0
1.22500,0
1.23333,0
1.24167,0
1.25000,0
1.25833,0
1.26667,0
1.27500,0
1.28333,0
1.29167,0
1.30000,0
1.30833,0
1.31667,0
1.32500,0
1.33333,0
1.34167,0
1.35000,0
1.35833,-0
1.36667,-0
1.37500,-0
1.38333,0
1.39167,0
1.40000,0
1.40833,-0
1.41667,-0
1.42500,-1
1.43333,-1
1.44167,-1
1.45000,-1
1.45833,-1
1.46667,-1
1.47500,-0
1.48333,0
1.49167,1
1.50000,1
1.50833,1
1.51667,1
1.52500,0
1.53333,1
1.54167,1
1.55000,1
1.55833,1
1.56667,1
1.57500,1
1.58333,1
1.59167,1
1.60000,1
1.60833,0
1.61667,0
1.62500,0
1.63333,1
1.64167,1
1.65000,1
1.65833,0
1.66667,0
1.67500,-0
1.68333,-0
1.69167,0
1.70000,1
1.70833,1
1.71667,1
1.72500,0
1.73333,0
1.74167,-0
1.75000,-0
1.75833,-0
1.76667,0
1.77500,0
1.78333,0
1.79167,0
1.80000,0
1.80833,0
1.81667,0
1.82500,0
1.83333,1
1.84167,1
1.85000,1
1.85833,1
1.86667,1
1.87500,1
1.88333,0
1.89167,1
1.90000,1
1.90833,1
1.91667,1
1.92500,1
1.93333,1
1.94167,1
1.95000,1
1.95833,1
1.96667,1
1.97500,2
1.98333,2
1.99167,1
2.00000,1
2.00833,1
2.01667,0
2.02500,0
2.03333,0
2.04167,0
2.05000,1
2.05833,1
2.06667,1
2.07500,1
2.08333,1
2.09167,0
2.10000,-0
2.10833,-0
2.11667,-0
2.12500,0
2.13333,0
2.14167,1
2.15000,1
2.15833,1
2.16667,1
2.17500,1
2.18333,1
2.19167,1
2.20000,1
2.20833,1
2.21667,1
2.22500,1
2.23333,1
2.24167,1
2.25000,1
2.25833,1
2.26667,1
2.27500,1
2.28333,1
2.29167,1
2.30000,1
2.30833,1
2.31667,1
2.32500,1
2.33333,1
2.34167,1
2.35000,1
2.35833,1
2.36667,1
2.37500,1
2.38333,1
2.39167,1
2.40000,1
2.40833,1
2.41667,1
2.42500,1
2.43333,1
2.44167,2
2.45000,2
2.45833,1
2.46667,1
2.47500,1
2.48333,1
2.49167,1
2.50000,1
2.50833,1
2.51667,1
2.52500,1
2.53333,1
2.54167,1
2.55000,1
2.55833,1
2.56667,1
2.57500,1
2.58333,1
2.59167,1
2.60000,1
2.60833,1
2.61667,1
2.62500,1
2.63333,1
2.64167,1
2.65000,1
2.65833,1
2.66667,1
2.67500,1
2.68333,2
2.69167,2
2.70000,2
2.70833,2
2.71667,2
2.72500,1
2.73333,1
2.74167,1
2.75000,1
2.75833,1
2.76667,1
2.77500,2
2.78333,2
2.79167,1
2.80000,1
2.80833,0
2.81667,0
2.82500,0
2.83333,1
2.84167,2
2.85000,2
2.85833,2
2.86667,2
2.87500,2
2.88333,2
2.89167,2
2.90000,2
2.90833,1
2.91667,1
2.92500,1
2.93333,2
2.94167,2
2.95000,2
2.95833,2
2.96667,1
2.97500,1
2.98333,1
2.99167,0
3.00000,0
3.00833,0
3.01667,0
3.02500,0
3.03333,1
3.04167,1
3.05000,1
3.05833,1
3.06667,1
3.07500,1
3.08333,1
3.09167,1
3.10000,1
3.10833,1
3.11667,1
3.12500,1
3.13333,1
3.14167,1
3.15000,1
3.15833,1
3.16667,1
3.17500,1
3.18333,1
3.19167,1
3.20000,1
3.20833,2
3.21667,2
3.22500,2
3.23333,2
3.24167,2
3.25000,2
3.25833,2
3.26667,2
3.27500,1
3.28333,1
3.29167,0
3.30000,0
3.30833,1
3.31667,1
3.32500,1
3.33333,0
3.34167,1
3.35000,1
3.35833,1
3.36667,1
3.37500,1
3.38333,1
3.39167,1
3.40000,1
3.40833,2
3.41667,2
3.42500,2
3.43333,2
3.44167,2
3.45000,2
3.45833,2
3.46667,2
3.47500,2
3.48333,2
3.49167,2
3.50000,1
3.50833,1
3.51667,1
3.52500,2
3.53333,2
3.54167,2
3.55000,2
3.55833,2
3.56667,2
3.57500,2
3.58333,2
3.59167,2
3.60000,2
3.60833,2
3.61667,1
3.62500,1
3.63333,1
3.64167,1
3.65000,1
3.65833,1
3.66667,1
3.67500,2
3.68333,2
3.69167,2
3.70000,1
3.70833,1
3.71667,1
3.72500,1
3.73333,1
3.74167,1
3.75000,2
3.75833,2
3.76667,2
3.77500,2
3.78333,1
3.79167,1
3.80000,1
3.80833,1
3.81667,2
3.82500,2
3.83333,2
3.84167,2
3.85000,2
3.85833,2
3.86667,2
3.87500,2
3.88333,2
3.89167,2
3.90000,2
3.90833,2
3.91667,2
3.92500,2
3.93333,2
3.94167,1
3.95000,1
3.95833,2
3.96667,2
3.97500,2
3.98333,2
3.99167,2
4.00000,2
4.00833,2
4.01667,2
4.02500,2
4.03333,2
4.04167,2
4.05000,2
4.05833,2
4.06667,2
4.07500,2
4.08333,2
4.09167,2
4.10000,2
4.10833,2
4.11667,2
4.12500,2
4.13333,2
4.14167,1
4.15000,1
4.15833,1
4.16667,1
4.17500,1
4.18333,1
4.19167,1
4.20000,1
4.20833,1
4.21667,1
4.22500,1
4.23333,1
4.24167,1
4.25000,1
4.25833,0
4.26667,0
4.27500,0
4.28333,1
4.29167,1
4.30000,1
4.30833,1
4.31667,1
4.32500,1
4.33333,1
4.34167,1
4.35000,1
4.35833,1
4.36667,1
4.37500,1
4.38333,1
4.39167,2
4.40000,2
4.40833,2
4.41667,1
4.42500,1
4.43333,1
4.44167,2
4.45000,2
4.45833,1
4.46667,1
4.47500,1
4.48333,1
4.49167,1
4.50000,1
4.50833,1
4.51667,1
4.52500,1
4.53333,2
4.54167,2
4.55000,2
4.55833,2
4.56667,2
4.57500,2
4.58333,2
4.59167,2
4.60000,2
4.60833,2
4.61667,2
4.62500,2
4.63333,2
4.64167,2
4.65000,2
4.65833,2
4.66667,2
4.67500,1
4.68333,1
4.69167,2
4.70000,2
4.70833,2
4.71667,2
4.72500,1
4.73333,2
4.74167,2
4.75000,2
4.75833,1
4.76667,1
4.77500,1
4.78333,2
4.79167,2
4.80000,2
4.80833,2
4.81667,2
4.82500,2
4.83333,2
4.84167,2
4.85000,1
4.85833,1
4.86667,1
4.87500,1
4.88333,1
4.89167,1
4.90000,1
4.90833,1
4.91667,1
4.92500,1
4.93333,1
4.94167,1
4.95000,1
4.95833,1
4.96667,1
4.97500,1
4.98333,1
4.99167,1
5.00000,2
5.00833,2
5.01667,2
5.02500,1
5.03333,1
5.04167,1
5.05000,2
5.05833,2
5.06667,2
5.07500,2
5.08333,2
5.09167,2
5.10000,2
5.10833,2
5.11667,2
5.12500,2
5.13333,3
5.14167,2
5.15000,2
5.15833,2
5.16667,2
5.17500,2
5.18333,2
5.19167,2
5.20000,2
5.20833,2
5.21667,2
5.22500,2
5.23333,2
5.24167,2
5.25000,2
5.25833,2
5.26667,2
5.27500,2
5.28333,2
5.29167,2
5.30000,2
5.30833,2
5.31667,2
5.32500,2
5.33333,2
5.34167,2
5.35000,2
5.35833,2
5.36667,2
5.37500,2
5.38333,2
5.39167,2
5.40000,2
5.40833,2
5.41667,3
5.42500,3
5.43333,3
5.44167,4
5.45000,3
5.45833,3
5.46667,3
5.47500,3
5.48333,3
5.49167,3
5.50000,3
5.50833,3
5.51667,3
5.52500,3
5.53333,3
5.54167,3
5.55000,3
5.55833,3
5.56667,3
5.57500,3
5.58333,3
5.59167,3
5.60000,4
5.60833,4
5.61667,4
5.62500,4
5.63333,5
5.64167,5
5.65000,4
5.65833,5
5.66667,5
5.67500,5
5.68333,4
5.69167,4
5.70000,4
5.70833,4
5.71667,4
5.72500,4
5.73333,4
5.74167,4
5.75000,4
5.75833,4
5.76667,4
5.77500,3
5.78333,3
5.79167,3
5.80000,3
5.80833,3
5.81667,4
5.82500,4
5.83333,4
5.84167,4
5.85000,4
5.85833,4
5.86667,4
5.87500,4
5.88333,4
5.89167,4
5.90000,4
5.90833,4
5.91667,4
5.92500,4
5.93333,3
5.94167,3
5.95000,3
5.95833,3
5.96667,3
5.97500,3
5.98333,3
5.99167,3
6.00000,3
6.00833,2
6.01667,3
6.02500,3
6.03333,3
6.04167,3
6.05000,3
6.05833,4
6.06667,4
6.07500,4
6.08333,4
6.09167,4
6.10000,4
6.10833,4
6.11667,4
6.12500,3
6.13333,3
6.14167,3
6.15000,3
6.15833,3
6.16667,3
6.17500,3
6.18333,3
6.19167,3
6.20000,4
6.20833,4
6.21667,4
6.22500,3
6.23333,3
6.24167,3
6.25000,4
6.25833,4
6.26667,4
6.27500,3
6.28333,3
6.29167,3
6.30000,3
6.30833,3
6.31667,3
6.32500,3
6.33333,3
6.34167,2
6.35000,2
6.35833,2
6.36667,2
6.37500,2
6.38333,2
6.39167,2
6.40000,2
6.40833,3
6.41667,3
6.42500,3
6.43333,3
6.44167,3
6.45000,3
6.45833,3
6.46667,3
6.47500,3
6.48333,3
6.49167,3
6.50000,4
6.50833,4
6.51667,4
6.52500,5
6.53333,4
6.54167,4
6.55000,4
6.55833,4
6.56667,4
6.57500,4
6.58333,4
6.59167,4
6.60000,4
6.60833,4
6.61667,4
6.62500,4
6.63333,4
6.64167,4
6.65000,4
6.65833,4
6.66667,4
6.67500,4
6.68333,3
6.69167,3
6.70000,3
6.70833,3
6.71667,3
6.72500,2
6.73333,2
6.74167,3
6.75000,3
6.75833,3
6.76667,3
6.77500,3
6.78333,3
6.79167,2
6.80000,3
6.80833,3
6.81667,3
6.82500,3
6.83333,3
6.84167,3
6.85000,3
6.85833,3
6.86667,3
6.87500,3
6.88333,3
6.89167,3
6.90000,3
6.90833,3
6.91667,3
6.92500,3
6.93333,3
6.94167,3
6.95000,3
6.95833,4
6.96667,4
6.97500,4
6.98333,4
6.99167,4
7.00000,5
7.00833,5
7.01667,5
7.02500,5
7.03333,4
7.04167,4
7.05000,4
7.05833,4
7.06667,4
7.07500,4
7.08333,4
7.09167,4
7.10000,4
7.10833,4
7.11667,4
7.12500,3
7.13333,3
7.14167,3
7.15000,3
7.15833,4
7.16667,4
7.17500,4
7.18333,4
7.19167,3
7.20000,4
7.20833,4
7.21667,4
7.22500,4
7.23333,4
7.24167,4
7.25000,4
7.25833,4
7.26667,4
7.27500,4
7.28333,4
7.29167,4
7.30000,4
7.30833,4
7.31667,3
7.32500,3
7.33333,4
7.34167,4
7.35000,4
7.35833,3
7.36667,3
7.37500,3
7.38333,3
7.39167,3
7.40000,3
7.40833,4
7.41667,4
7.42500,4
7.43333,4
7.44167,4
7.45000,4
7.45833,4
7.46667,4
7.47500,4
7.48333,4
7.49167,4
7.50000,4
7.50833,4
7.51667,4
7.52500,3
7.53333,3
7.54167,3
7.55000,3
7.55833,3
7.56667,3
7.57500,3
7.58333,3
7.59167,3
7.60000,3
7.60833,4
7.61667,4
7.62500,4
7.63333,4
7.64167,4
7.65000,4
7.65833,3
7.66667,3
7.67500,3
7.68333,3
7.69167,3
7.70000,3
7.70833,3
7.71667,3
7.72500,3
7.73333,3
7.74167,3
7.75000,3
7.75833,3
7.76667,3
7.77500,3
7.78333,4
7.79167,4
7.80000,4
7.80833,4
7.81667,4
7.82500,4
7.83333,4
7.84167,4
7.85000,4
7.85833,3
7.86667,3
7.87500,3
7.88333,3
7.89167,3
7.90000,3
7.90833,3
7.91667,3
7.92500,3
7.93333,3
7.94167,3
7.95000,3
7.95833,3
7.96667,3
7.97500,4
7.98333,4
7.99167,4
8.00000,4
8.00833,4
8.01667,4
8.02500,4
8.03333,4
8.04167,3
8.05000,3
8.05833,3
8.06667,3
8.07500,3
8.08333,3
8.09167,3
8.10000,3
8.10833,3
8.11667,3
8.12500,3
8.13333,3
8.14167,3
8.15000,4
8.15833,4
8.16667,4
8.17500,4
8.18333,4
8.19167,4
8.20000,4
8.20833,4
8.21667,4
8.22500,4
8.23333,4
8.24167,4
8.25000,4
8.25833,4
8.26667,4
8.27500,4
8.28333,4
8.29167,4
8.30000,3
8.30833,3
8.31667,3
8.32500,3
8.33333,3
8.34167,3
8.35000,3
8.35833,4
8.36667,4
8.37500,4
8.38333,5
8.39167,5
8.40000,4
8.40833,4
8.41667,4
8.42500,4
8.43333,4
8.44167,4
8.45000,4
8.45833,4
8.46667,4
8.47500,5
8.48333,5
8.49167,5
8.50000,5
8.50833,4
8.51667,4
8.52500,5
8.53333,5
8.54167,5
8.55000,5
8.55833,5
8.56667,5
8.57500,4
8.58333,4
8.59167,4
8.60000,4
8.60833,4
8.61667,4
8.62500,4
8.63333,4
8.64167,4
8.65000,4
8.65833,3
8.66667,3
8.67500,3
8.68333,3
8.69167,4
8.70000,4
8.70833,4
8.71667,4
8.72500,4
8.73333,4
8.74167,4
8.75000,4
8.75833,4
8.76667,4
8.77500,4
8.78333,4
8.79167,4
8.80000,4
8.80833,4
8.81667,4
8.82500,4
8.83333,3
8.84167,3
8.85000,3
8.85833,2
8.86667,3
8.87500,3
8.88333,3
8.89167,3
8.90000,4
8.90833,3
8.91667,3
8.92500,3
8.93333,3
8.94167,3
8.95000,3
8.95833,3
8.96667,3
8.97500,3
8.98333,3
8.99167,3
9.00000,4
9.00833,4
9.01667,4
9.02500,4
9.03333,4
9.04167,4
9.05000,4
9.05833,3
9.06667,3
9.07500,3
9.08333,4
9.09167,4
9.10000,4
9.10833,4
9.11667,4
9.12500,4
9.13333,4
9.14167,3
9.15000,3
9.15833,3
9.16667,4
9.17500,3
9.18333,3
9.19167,3
9.20000,4
9.20833,4
9.21667,4
9.22500,4
9.23333,4
9.24167,4
9.25000,4
9.25833,4
9.26667,3
9.27500,3
9.28333,3
9.29167,3
9.30000,3
9.30833,3
9.31667,3
9.32500,3
9.33333,3
9.34167,3
9.35000,3
9.35833,3
9.36667,3
9.37500,3
9.38333,4
9.39167,4
9.40000,3
9.40833,3
9.41667,3
9.42500,4
9.43333,4
9.44167,4
9.45000,3
9.45833,3
9.46667,3
9.47500,3
9.48333,3
9.49167,3
9.50000,3
9.50833,2
9.51667,2
9.52500,2
9.53333,2
9.54167,2
9.55000,2
9.55833,3
9.56667,4
9.57500,4
9.58333,4
9.59167,4
9.60000,4
9.60833,4
9.61667,4
9.62500,4
9.63333,4
9.64167,3
9.65000,3
9.65833,3
9.66667,3
9.67500,3
9.68333,3
9.69167,3
9.70000,3
9.70833,3
9.71667,3
9.72500,3
9.73333,3
9.74167,3
9.75000,3
9.75833,3
9.76667,3
9.77500,3
9.78333,3
9.79167,3
9.80000,3
9.80833,3
9.81667,3
9.82500,3
9.83333,3
9.84167,3
9.85000,4
9.85833,4
9.86667,4
9.87500,4
9.88333,4
9.89167,4
9.90000,4
9.90833,3
9.91667,3
9.92500,3
9.93333,4
9.94167,4
9.95000,4
9.95833,4
9.96667,4
9.97500,4
9.98333,4
9.99167,4
10.00000,4
10.00833,4
10.01667,3
10.02500,3
10.03333,3
10.04167,4
10.05000,4
10.05833,4
10.06667,4
10.07500,5
10.08333,5
10.09167,4
10.10000,4
10.10833,4
10.11667,4
10.12500,4
10.13333,4
10.14167,4
10.15000,4
10.15833,4
10.16667,4
10.17500,4
10.18333,4
10.19167,4
10.20000,5
10.20833,5
10.21667,5
10.22500,5
10.23333,5
10.24167,5
10.25000,4
10.25833,4
10.26667,4
10.27500,4
10.28333,3
10.29167,3
10.30000,3
10.30833,3
10.31667,3
10.32500,3
10.33333,3
10.34167,4
10.35000,4
10.35833,4
10.36667,4
10.37500,4
10.38333,4
10.39167,4
10.40000,4
10.40833,4
10.41667,4
10.42500,4
10.43333,4
10.44167,4
10.45000,4
10.45833,4
10.46667,4
10.47500,4
10.48333,3
10.49167,3
10.50000,2
10.50833,1
10.51667,-1
10.52500,-3
10.53333,-5
10.54167,-8
10.55000,-12
10.55833,-16
10.56667,-23
10.57500,-31
10.58333,-41
10.59167,-53
10.60000,-68
10.60833,-86
10.61667,-107
10.62500,-133
10.63333,-163
10.64167,-197
10.65000,-237
10.65833,-282
10.66667,-333
10.67500,-391
10.68333,-454
10.69167,-524
10.70000,-600
10.70833,-682
10.71667,-769
10.72500,-862
10.73333,-960
10.74167,-1063
10.75000,-1169
10.75833,-1278
10.76667,-1389
10.77500,-1501
10.78333,-1613
10.79167,-1724
10.80000,-1833
10.80833,-1939
10.81667,-2040
10.82500,-2136
10.83333,-2226
10.84167,-2308
10.85000,-2383
10.85833,-2449
10.86667,-2505
10.87500,-2551
10.88333,-2586
10.89167,-2611
10.90000,-2625
10.90833,-2628
10.91667,-2621
10.92500,-2604
10.93333,-2576
10.94167,-2540
10.95000,-2495
10.95833,-2443
10.96667,-2383
10.97500,-2317
10.98333,-2246
10.99167,-2171
11.00000,-2092
11.00833,-2010
11.01667,-1926
11.02500,-1841
11.03333,-1757
11.04167,-1672
11.05000,-1588
11.05833,-1505
11.06667,-1424
11.07500,-1345
11.08333,-1269
11.09167,-1195
11.10000,-1124
11.10833,-1056
11.11667,-992
11.12500,-931
11.13333,-873
11.14167,-818
11.15000,-766
11.15833,-717
11.16667,-671
11.17500,-628
11.18333,-588
11.19167,-551
11.20000,-516
11.20833,-483
11.21667,-453
11.22500,-425
11.23333,-398
11.24167,-374
11.25000,-351
11.25833,-330
11.26667,-311
11.27500,-292
11.28333,-275
11.29167,-259
11.30000,-244
11.30833,-230
11.31667,-217
11.32500,-205
11.33333,-194
11.34167,-183
11.35000,-173
11.35833,-164
11.36667,-155
11.37500,-147
11.38333,-140
11.39167,-132
11.40000,-126
11.40833,-119
11.41667,-113
11.42500,-107
11.43333,-102
11.44167,-97
11.45000,-93
11.45833,-88
11.46667,-84
11.47500,-80
11.48333,-76
11.49167,-73
11.50000,-69
11.50833,-66
11.51667,-63
11.52500,-60
11.53333,-58
11.54167,-55
11.55000,-53
11.55833,-51
11.56667,-49
11.57500,-47
11.58333,-45
11.59167,-43
11.60000,-41
11.60833,-40
11.61667,-38
11.62500,-37
11.63333,-36
11.64167,-35
11.65000,-33
11.65833,-32
11.66667,-31
11.67500,-29
11.68333,-28
11.69167,-27
11.70000,-26
11.70833,-25
11.71667,-25
11.72500,-24
11.73333,-23
11.74167,-23
11.75000,-23
11.75833,-22
11.76667,-21
11.77500,-20
11.78333,-19
11.79167,-18
11.80000,-17
11.80833,-16
11.81667,-16
11.82500,-15
11.83333,-15
11.84167,-15
11.85000,-14
11.85833,-14
11.86667,-14
11.87500,-14
11.88333,-14
11.89167,-13
11.90000,-13
11.90833,-12
11.91667,-12
11.92500,-11
11.93333,-11
11.94167,-11
11.95000,-10
11.95833,-10
11.96667,-9
11.97500,-9
11.98333,-8
11.99167,-8
12.00000,-8
12.00833,-8
12.01667,-7
12.02500,-7
12.03333,-7
12.04167,-7
12.05000,-8
12.05833,-8
12.06667,-8
12.07500,-8
12.08333,-7
12.09167,-7
12.10000,-7
12.10833,-7
12.11667,-7
12.12500,-6
12.13333,-6
12.14167,-6
12.15000,-6
12.15833,-6
12.16667,-5
12.17500,-5
12.18333,-5
12.19167,-5
12.20000,-5
12.20833,-4
12.21667,-3
12.22500,-3
12.23333,-3
12.24167,-4
12.25000,-3
12.25833,-4
12.26667,-4
12.27500,-4
12.28333,-4
12.29167,-3
12.30000,-3
12.30833,-3
12.31667,-2
12.32500,-2
12.33333,-2
12.34167,-2
12.35000,-2
12.35833,-2
12.36667,-2
12.37500,-2
12.38333,-2
12.39167,-2
12.40000,-2
12.40833,-2
12.41667,-2
12.42500,-2
12.43333,-2
12.44167,-1
12.45000,-1
12.45833,-1
12.46667,-1
12.47500,-1
12.48333,-1
12.49167,-1
12.50000,-1
12.50833,-1
12.51667,-1
12.52500,-1
12.53333,-1
12.54167,-1
12.55000,-1
12.55833,-1
12.56667,-1
12.57500,-0
12.58333,0
12.59167,0
12.60000,0
12.60833,-0
12.61667,-0
12.62500,-0
12.63333,-1
12.64167,-1
12.65000,-1
12.65833,-1
12.66667,-1
12.67500,-1
12.68333,-1
12.69167,-0
12.70000,-0
12.70833,-0
12.71667,-0
12.72500,0
12.73333,-0
12.74167,-0
12.75000,-1
12.75833,-1
12.76667,-1
12.77500,-0
12.78333,0
12.79167,1
12.80000,1
12.80833,1
12.81667,1
12.82500,1
12.83333,1
12.84167,0
12.85000,0
12.85833,0
12.86667,1
12.87500,1
12.88333,2
12.89167,2
12.90000,2
12.90833,2
12.91667,2
12.92500,2
12.93333,2
12.94167,2
12.95000,2
12.95833,3
12.96667,3
12.97500,3
12.98333,3
12.99167,3
13.00000,3
13.00833,3
13.01667,3
13.02500,3
13.03333,3
13.04167,3
13.05000,3
13.05833,2
13.06667,2
13.07500,2
13.08333,2
13.09167,3
13.10000,3
13.10833,3
13.11667,4
13.12500,4
13.13333,4
13.14167,5
13.15000,6
13.15833,7
13.16667,8
13.17500,9
13.18333,11
13.19167,14
13.20000,17
13.20833,21
13.21667,26
13.22500,32
13.23333,39
13.24167,46
13.25000,56
13.25833,67
13.26667,80
13.27500,95
13.28333,112
13.29167,132
13.30000,156
13.30833,182
13.31667,212
13.32500,246
13.33333,284
13.34167,326
13.35000,373
13.35833,425
13.36667,482
13.37500,544
13.38333,612
13.39167,684
13.40000,762
13.40833,846
13.41667,935
13.42500,1030
13.43333,1130
13.44167,1235
13.45000,1344
13.45833,1458
13.46667,1576
13.47500,1698
13.48333,1823
13.49167,1950
13.50000,2079
13.50833,2209
13.51667,2340
13.52500,2471
13.53333,2601
13.54167,2730
13.55000,2856
13.55833,2981
13.56667,3101
13.57500,3219
13.58333,3331
13.59167,3439
13.60000,3540
13.60833,3636
13.61667,3725
13.62500,3806
13.63333,3880
13.64167,3947
13.65000,4005
13.65833,4055
13.66667,4096
13.67500,4128
13.68333,4151
13.69167,4165
13.70000,4171
13.70833,4168
13.71667,4157
13.72500,4137
13.73333,4109
13.74167,4073
13.75000,4030
13.75833,3979
13.76667,3922
13.77500,3858
13.78333,3787
13.79167,3711
13.80000,3630
13.80833,3544
13.81667,3454
13.82500,3360
13.83333,3263
13.84167,3164
13.85000,3062
13.85833,2958
13.86667,2853
13.87500,2747
13.88333,2641
13.89167,2535
13.90000,2430
13.90833,2325
13.91667,2222
13.92500,2120
13.93333,2020
13.94167,1922
13.95000,1827
13.95833,1733
13.96667,1643
13.97500,1555
13.98333,1470
13.99167,1388
14.00000,1309
14.00833,1234
14.01667,1162
14.02500,1094
14.03333,1028
14.04167,965
14.05000,906
14.05833,849
14.06667,796
14.07500,746
14.08333,698
14.09167,654
14.10000,612
14.10833,573
14.11667,536
14.12500,501
14.13333,468
14.14167,438
14.15000,409
14.15833,383
14.16667,358
14.17500,335
14.18333,314
14.19167,294
14.20000,275
14.20833,258
14.21667,242
14.22500,227
14.23333,214
14.24167,202
14.25000,190
14.25833,179
14.26667,169
14.27500,160
14.28333,152
14.29167,144
14.30000,136
14.30833,129
14.31667,123
14.32500,117
14.33333,112
14.34167,107
14.35000,102
14.35833,97
14.36667,93
14.37500,89
14.38333,86
14.39167,82
14.40000,80
14.40833,77
14.41667,74
14.42500,72
14.43333,69
14.44167,67
14.45000,65
14.45833,62
14.46667,60
14.47500,58
14.48333,56
14.49167,55
14.50000,53
14.50833,52
14.51667,51
14.52500,50
14.53333,48
14.54167,47
14.55000,46
14.55833,45
14.56667,44
14.57500,43
14.58333,42
14.59167,41
14.60000,40
14.60833,39
14.61667,38
14.62500,37
14.63333,37
14.64167,36
14.65000,36
14.65833,35
14.66667,34
14.67500,33
14.68333,33
14.69167,32
14.70000,31
14.70833,31
14.71667,30
14.72500,30
14.73333,30
14.74167,30
14.75000,30
14.75833,29
14.76667,29
14.77500,28
14.78333,28
14.79167,27
14.80000,27
14.80833,27
14.81667,26
14.82500,26
14.83333,26
14.84167,25
14.85000,25
14.85833,25
14.86667,24
14.87500,23
14.88333,23
14.89167,23
14.90000,23
14.90833,23
14.91667,22
14.92500,22
14.93333,22
14.94167,22
14.95000,22
14.95833,21
14.96667,21
14.97500,21
14.98333,20
14.99167,20
15.00000,20
15.00833,19
15.01667,19
15.02500,19
15.03333,19
15.04167,19
15.05000,18
15.05833,18
15.06667,18
15.07500,18
15.08333,18
15.09167,18
15.10000,18
15.10833,18
15.11667,18
15.12500,18
15.13333,18
15.14167,18
15.15000,18
15.15833,18
15.16667,17
15.17500,17
15.18333,18
15.19167,17
15.20000,17
15.20833,17
15.21667,17
15.22500,17
15.23333,17
15.24167,18
15.25000,18
15.25833,18
15.26667,18
15.27500,19
15.28333,19
15.29167,20
15.30000,21
15.30833,23
15.31667,25
15.32500,27
15.33333,29
15.34167,32
15.35000,35
15.35833,39
15.36667,42
15.37500,47
15.38333,52
15.39167,57
15.40000,63
15.40833,70
15.41667,78
15.42500,86
15.43333,95
15.44167,105
15.45000,115
15.45833,126
15.46667,137
15.47500,150
15.48333,163
15.49167,177
15.50000,192
15.50833,207
15.51667,223
15.52500,240
15.53333,256
15.54167,273
15.55000,291
15.55833,308
15.56667,326
15.57500,344
15.58333,361
15.59167,378
15.60000,395
15.60833,412
15.61667,429
15.62500,445
15.63333,460
15.64167,475
15.65000,489
15.65833,503
15.66667,516
15.67500,528
15.68333,540
15.69167,550
15.70000,560
15.70833,568
15.71667,575
15.72500,582
15.73333,587
15.74167,591
15.75000,594
15.75833,596
15.76667,597
15.77500,596
15.78333,595
15.79167,592
15.80000,589
15.80833,584
15.81667,579
15.82500,572
15.83333,564
15.84167,556
15.85000,547
15.85833,537
15.86667,526
15.87500,515
15.88333,502
15.89167,490
15.90000,477
15.90833,463
15.91667,449
15.92500,435
15.93333,420
15.94167,406
15.95000,391
15.95833,377
15.96667,362
15.97500,347
15.98333,332
15.99167,318
16.00000,304
16.00833,290
16.01667,276
16.02500,262
16.03333,249
16.04167,236
16.05000,224
16.05833,212
16.06667,200
16.07500,189
16.08333,178
16.09167,168
16.10000,158
16.10833,149
16.11667,140
16.12500,132
16.13333,124
16.14167,116
16.15000,109
16.15833,103
16.16667,96
16.17500,90
16.18333,84
16.19167,79
16.20000,74
16.20833,69
16.21667,65
16.22500,61
16.23333,57
16.24167,54
16.25000,51
16.25833,48
16.26667,46
16.27500,43
16.28333,41
16.29167,38
16.30000,36
16.30833,35
16.31667,33
16.32500,31
16.33333,30
16.34167,28
16.35000,27
16.35833,26
16.36667,24
16.37500,23
16.38333,22
16.39167,21
16.40000,20
16.40833,20
16.41667,19
16.42500,18
16.43333,18
16.44167,17
16.45000,17
16.45833,16
16.46667,16
16.47500,16
16.48333,15
16.49167,15
16.50000,14
16.50833,14
16.51667,13
16.52500,13
16.53333,13
16.54167,12
16.55000,12
16.55833,12
16.56667,12
16.57500,12
16.58333,11
16.59167,11
16.60000,11
16.60833,11
16.61667,10
16.62500,10
16.63333,10
16.64167,10
16.65000,10
16.65833,11
16.66667,11
16.67500,11
16.68333,10
16.69167,10
16.70000,10
16.70833,10
16.71667,10
16.72500,9
16.73333,9
16.74167,9
16.75000,9
16.75833,9
16.76667,8
16.77500,8
16.78333,8
16.79167,8
16.80000,9
16.80833,9
16.81667,9
16.82500,9
16.83333,9
16.84167,8
16.85000,8
16.85833,8
16.86667,8
16.87500,8
16.88333,8
16.89167,7
16.90000,7
16.90833,7
16.91667,6
16.92500,6
16.93333,6
16.94167,6
16.95000,6
16.95833,7
16.96667,7
16.97500,6
16.98333,6
16.99167,6
17.00000,6
17.00833,5
17.01667,5
17.02500,5
17.03333,5
17.04167,5
17.05000,5
17.05833,5
17.06667,5
17.07500,6
17.08333,6
17.09167,6
17.10000,7
17.10833,7
17.11667,6
17.12500,6
17.13333,5
17.14167,5
17.15000,5
17.15833,6
17.16667,6
17.17500,6
17.18333,6
17.19167,6
17.20000,5
17.20833,5
17.21667,5
17.22500,5
17.23333,6
17.24167,6
17.25000,5
17.25833,5
17.26667,5
17.27500,5
17.28333,5
17.29167,5
17.30000,4
17.30833,4
17.31667,4
17.32500,4
17.33333,4
17.34167,3
17.35000,3
17.35833,3
17.36667,3
17.37500,3
17.38333,3
17.39167,4
17.40000,4
17.40833,4
17.41667,4
17.42500,4
17.43333,4
17.44167,4
17.45000,4
17.45833,4
17.46667,4
17.47500,4
17.48333,4
17.49167,4
17.50000,4
17.50833,4
17.51667,4
17.52500,4
17.53333,4
17.54167,4
17.55000,4
17.55833,4
17.56667,4
17.57500,4
17.58333,4
17.59167,3
17.60000,3
17.60833,3
17.61667,3
17.62500,3
17.63333,3
17.64167,4
17.65000,4
17.65833,4
17.66667,3
17.67500,3
17.68333,3
17.69167,3
17.70000,3
17.70833,3
17.71667,3
17.72500,3
17.73333,3
17.74167,3
17.75000,3
17.75833,3
17.76667,3
17.77500,3
17.78333,4
17.79167,4
17.80000,4
17.80833,4
17.81667,4
17.82500,4
17.83333,4
17.84167,4
17.85000,4
17.85833,4
17.86667,4
17.87500,4
17.88333,4
17.89167,3
17.90000,3
17.90833,3
17.91667,3
17.92500,3
17.93333,3
17.94167,2
17.95000,2
17.95833,2
17.96667,2
17.97500,2
17.98333,2
17.99167,2
18.00000,2
18.00833,2
18.01667,2
18.02500,2
18.03333,2
18.04167,2
18.05000,2
18.05833,2
18.06667,2
18.07500,2
18.08333,2
18.09167,2
18.10000,2
18.10833,2
18.11667,2
18.12500,2
18.13333,2
18.14167,2
18.15000,2
18.15833,2
18.16667,2
18.17500,2
18.18333,2
18.19167,2
18.20000,2
18.20833,2
18.21667,2
18.22500,2
18.23333,3
18.24167,2
18.25000,2
18.25833,3
18.26667,3
18.27500,3
18.28333,3
18.29167,3
18.30000,3
18.30833,3
18.31667,3
18.32500,3
18.33333,3
18.34167,3
18.35000,3
18.35833,3
18.36667,3
18.37500,3
18.38333,3
18.39167,3
18.40000,3
18.40833,3
18.41667,3
18.42500,3
18.43333,3
18.44167,2
18.45000,2
18.45833,2
18.46667,2
18.47500,2
18.48333,3
18.49167,3
18.50000,3
18.50833,3
18.51667,4
18.52500,4
18.53333,3
18.54167,3
18.55000,3
18.55833,3
18.56667,2
18.57500,2
18.58333,2
18.59167,3
18.60000,3
18.60833,3
18.61667,3
18.62500,4
18.63333,4
18.64167,4
18.65000,4
18.65833,4
18.66667,4
18.67500,4
18.68333,4
18.69167,4
18.70000,4
18.70833,3
18.71667,3
18.72500,3
18.73333,3
18.74167,3
18.75000,3
18.75833,3
18.76667,3
18.77500,3
18.78333,3
18.79167,4
18.80000,4
18.80833,4
18.81667,4
18.82500,4
18.83333,4
18.84167,3
18.85000,3
18.85833,3
18.86667,3
18.87500,3
18.88333,2
18.89167,2
18.90000,3
18.90833,3
18.91667,2
18.92500,2
18.93333,2
18.94167,2
18.95000,2
18.95833,2
18.96667,3
18.97500,2
18.98333,2
18.99167,2
19.00000,2
19.00833,2
19.01667,3
19.02500,3
19.03333,3
19.04167,3
19.05000,2
19.05833,2
19.06667,2
19.07500,2
19.08333,2
19.09167,2
19.10000,2
19.10833,2
19.11667,2
19.12500,2
19.13333,2
19.14167,3
19.15000,3
19.15833,3
19.16667,3
19.17500,3
19.18333,3
19.19167,3
19.20000,2
19.20833,2
19.21667,2
19.22500,2
19.23333,2
19.24167,3
19.25000,3
19.25833,3
19.26667,3
19.27500,3
19.28333,3
19.29167,3
19.30000,3
19.30833,2
19.31667,2
19.32500,2
19.33333,2
19.34167,2
19.35000,2
19.35833,2
19.36667,3
19.37500,3
19.38333,4
19.39167,4
19.40000,3
19.40833,3
19.41667,3
19.42500,3
19.43333,3
19.44167,2
19.45000,2
19.45833,2
19.46667,2
19.47500,2
19.48333,2
19.49167,2
19.50000,2
19.50833,1
19.51667,1
19.52500,1
19.53333,2
19.54167,2
19.55000,2
19.55833,2
19.56667,2
19.57500,2
19.58333,2
19.59167,3
19.60000,3
19.60833,3
19.61667,3
19.62500,3
19.63333,3
19.64167,3
19.65000,3
19.65833,3
19.66667,3
19.67500,3
19.68333,3
19.69167,3
19.70000,2
19.70833,3
19.71667,3
19.72500,3
19.73333,3
19.74167,3
19.75000,3
19.75833,2
19.76667,2
19.77500,2
19.78333,2
19.79167,2
19.80000,2
19.80833,2
19.81667,1
19.82500,1
19.83333,1
19.84167,1
19.85000,1
19.85833,1
19.86667,1
19.87500,1
19.88333,1
19.89167,1
19.90000,1
19.90833,1
19.91667,2
19.92500,2
19.93333,2
19.94167,2
19.95000,2
19.95833,2
19.96667,2
19.97500,2
19.98333,2
19.99167,2
20.00000,2
20.00833,2
20.01667,2
20.02500,2
20.03333,2
20.04167,2
20.05000,2
20.05833,2
20.06667,2
20.07500,2
20.08333,2
20.09167,2
20.10000,2
20.10833,2
20.11667,2
20.12500,2
20.13333,2
20.14167,1
20.15000,1
20.15833,2
20.16667,2
20.17500,2
20.18333,2
20.19167,2
20.20000,2
20.20833,2
20.21667,2
20.22500,2
20.23333,1
20.24167,1
20.25000,1
20.25833,0
20.26667,0
20.27500,0
20.28333,0
20.29167,0
20.30000,0
20.30833,1
20.31667,1
20.32500,1
20.33333,1
20.34167,1
20.35000,1
20.35833,1
20.36667,1
20.37500,1
20.38333,1
20.39167,1
20.40000,1
20.40833,2
20.41667,1
20.42500,1
20.43333,1
20.44167,1
20.45000,1
20.45833,0
20.46667,1
20.47500,1
20.48333,1
20.49167,1
20.50000,1
20.50833,1
20.51667,1
20.52500,1
20.53333,1
20.54167,1
20.55000,1
20.55833,1
20.56667,2
20.57500,2
20.58333,2
20.59167,2
20.60000,1
20.60833,1
20.61667,1
20.62500,2
20.63333,2
20.64167,1
20.65000,1
20.65833,1
20.66667,1
20.67500,1
20.68333,1
20.69167,1
20.70000,1
20.70833,2
20.71667,2
20.72500,2
20.73333,2
20.74167,2
20.75000,2
20.75833,2
20.76667,2
20.77500,2
20.78333,2
20.79167,2
20.80000,2
20.80833,1
20.81667,1
20.82500,1
20.83333,2
20.84167,2
20.85000,2
20.85833,1
20.86667,2
20.87500,2
20.88333,2
20.89167,1
20.90000,1
20.90833,2
20.91667,2
20.92500,2
20.93333,2
20.94167,2
20.95000,2
20.95833,2
20.96667,2
20.97500,2
20.98333,2
20.99167,2
21.00000,2
21.00833,2
21.01667,2
21.02500,2
21.03333,2
21.04167,2
21.05000,1
21.05833,1
21.06667,1
21.07500,1
21.08333,0
21.09167,0
21.10000,1
21.10833,1
21.11667,1
21.12500,1
21.13333,1
21.14167,1
21.15000,1
21.15833,1
21.16667,2
21.17500,2
21.18333,2
21.19167,1
21.20000,1
21.20833,1
21.21667,1
21.22500,1
21.23333,1
21.24167,1
21.25000,1
21.25833,1
21.26667,1
21.27500,1
21.28333,1
21.29167,1
21.30000,1
21.30833,1
21.31667,0
21.32500,0
21.33333,1
21.34167,1
21.35000,1
21.35833,1
21.36667,1
21.37500,1
21.38333,1
21.39167,1
21.40000,0
21.40833,0
21.41667,0
21.42500,-0
21.43333,-0
21.44167,0
21.45000,0
21.45833,0
21.46667,0
21.47500,0
21.48333,1
21.49167,1
21.50000,1
21.50833,1
21.51667,1
21.52500,1
21.53333,2
21.54167,2
21.55000,1
21.55833,1
21.56667,1
21.57500,1
21.58333,1
21.59167,1
21.60000,2
21.60833,2
21.61667,2
21.62500,1
21.63333,1
21.64167,1
21.65000,1
21.65833,1
21.66667,1
21.67500,1
21.68333,1
21.69167,1
21.70000,1
21.70833,0
21.71667,1
21.72500,1
21.73333,1
21.74167,1
21.75000,1
21.75833,0
21.76667,0
21.77500,0
21.78333,0
21.79167,0
21.80000,1
21.80833,1
21.81667,0
21.82500,0
21.83333,0
21.84167,0
21.85000,0
21.85833,0
21.86667,0
21.87500,0
21.88333,0
21.89167,1
21.90000,0
21.90833,0
21.91667,0
21.92500,0
21.93333,0
21.94167,0
21.95000,0
21.95833,0
21.96667,0
21.97500,0
21.98333,0
21.99167,0
22.00000,0
22.00833,0
22.01667,0
22.02500,0
22.03333,0
22.04167,0
22.05000,0
22.05833,0
22.06667,-0
22.07500,-0
22.08333,-0
22.09167,0
22.10000,0
22.10833,0
22.11667,0
22.12500,0
22.13333,0
22.14167,1
22.15000,1
22.15833,1
22.16667,1
22.17500,1
22.18333,1
22.19167,1
22.20000,1
22.20833,1
22.21667,1
22.22500,1
22.23333,0
22.24167,1
22.25000,1
22.25833,1
22.26667,2
22.27500,2
22.28333,2
22.29167,1
22.30000,1
22.30833,1
22.31667,1
22.32500,1
22.33333,1
22.34167,0
22.35000,0
22.35833,0
22.36667,0
22.37500,-0
22.38333,0
22.39167,0
22.40000,1
22.40833,1
22.41667,1
22.42500,1
22.43333,0
22.44167,0
22.45000,0
22.45833,0
22.46667,0
22.47500,0
22.48333,0
22.49167,0
22.50000,1
22.50833,1
22.51667,1
22.52500,1
22.53333,1
22.54167,1
22.55000,1
22.55833,1
22.56667,2
22.57500,1
22.58333,1
22.59167,1
22.60000,1
22.60833,1
22.61667,1
22.62500,1
22.63333,0
22.64167,1
22.65000,1
22.65833,1
22.66667,1
22.67500,0
22.68333,1
22.69167,1
22.70000,2
22.70833,2
22.71667,3
22.72500,3
22.73333,3
22.74167,3
22.75000,2
22.75833,2
22.76667,2
22.77500,2
22.78333,2
22.79167,2
22.80000,2
22.80833,2
22.81667,3
22.82500,3
22.83333,3
22.84167,3
22.85000,3
22.85833,3
22.86667,3
22.87500,3
22.88333,4
22.89167,4
22.90000,5
22.90833,5
22.91667,5
22.92500,4
22.93333,4
22.94167,4
22.95000,3
22.95833,3
22.96667,4
22.97500,4
22.98333,4
22.99167,4
23.00000,5
23.00833,5
23.01667,5
23.02500,5
23.03333,4
23.04167,4
23.05000,5
23.05833,5
23.06667,5
23.07500,5
23.08333,5
23.09167,5
23.10000,5
23.10833,4
23.11667,4
23.12500,4
23.13333,4
23.14167,4
23.15000,4
23.15833,4
23.16667,4
23.17500,4
23.18333,3
23.19167,3
23.20000,3
23.20833,3
23.21667,3
23.22500,3
23.23333,3
23.24167,3
23.25000,3
23.25833,3
23.26667,3
23.27500,3
23.28333,3
23.29167,3
23.30000,3
23.30833,2
23.31667,2
23.32500,2
23.33333,3
23.34167,2
23.35000,2
23.35833,2
23.36667,2
23.37500,2
23.38333,2
23.39167,2
23.40000,2
23.40833,1
23.41667,1
23.42500,1
23.43333,1
23.44167,1
23.45000,1
23.45833,1
23.46667,0
23.47500,-0
23.48333,-0
23.49167,-0
23.50000,-0
23.50833,0
23.51667,0
23.52500,0
23.53333,0
23.54167,0
23.55000,-0
23.55833,-0
23.56667,-1
23.57500,-1
23.58333,-0
23.59167,-0
23.60000,-1
23.60833,-1
23.61667,-1
23.62500,-1
23.63333,-0
23.64167,-1
23.65000,-1
23.65833,-1
23.66667,-1
23.67500,-0
23.68333,-0
23.69167,-0
23.70000,-1
23.70833,-1
23.71667,-1
23.72500,-0
23.73333,-0
23.74167,-0
23.75000,-0
23.75833,0
23.76667,1
23.77500,0
23.78333,0
23.79167,-0
23.80000,-0
23.80833,-0
23.81667,-0
23.82500,-0
23.83333,-0
23.84167,-0
23.85000,0
23.85833,0
23.86667,0
23.87500,1
23.88333,0
23.89167,0
23.90000,-0
23.90833,-0
23.91667,-0
23.92500,-0
23.93333,0
23.94167,0
23.95000,0
23.95833,-0
23.96667,-0
23.97500,-0
23.98333,-1
23.99167,-1
24.00000,-1
24.00833,-1
24.01667,-1
24.02500,-1
24.03333,-1
24.04167,-0
24.05000,0
24.05833,0
24.06667,0
24.07500,-0
24.08333,-0
24.09167,-0
24.10000,-1
24.10833,-1
24.11667,-1
24.12500,-1
24.13333,-0
24.14167,-0
24.15000,-0
24.15833,-0
24.16667,-1
24.17500,-1
24.18333,-1
24.19167,-1
24.20000,-1
24.20833,-1
24.21667,-2
24.22500,-2
24.23333,-2
24.24167,-2
24.25000,-2
24.25833,-2
24.26667,-2
24.27500,-2
24.28333,-2
24.29167,-1
24.30000,-2
24.30833,-1
24.31667,-1
24.32500,-1
24.33333,-1
24.34167,-1
24.35000,-0
24.35833,-0
24.36667,-1
24.37500,-1
24.38333,-1
24.39167,-1
24.40000,-1
24.40833,-1
24.41667,-1
24.42500,-0
24.43333,-0
24.44167,0
24.45000,-0
24.45833,0
24.46667,0
24.47500,0
24.48333,1
24.49167,1
24.50000,0
24.50833,0
24.51667,0
24.52500,0
24.53333,0
24.54167,1
24.55000,1
24.55833,1
24.56667,2
24.57500,2
24.58333,2
24.59167,2
24.60000,2
24.60833,2
24.61667,2
24.62500,2
24.63333,3
24.64167,3
24.65000,3
24.65833,3
24.66667,3
24.67500,3
24.68333,4
24.69167,4
24.70000,4
24.70833,4
24.71667,4
24.72500,4
24.73333,4
24.74167,4
24.75000,4
24.75833,4
24.76667,5
24.77500,5
24.78333,5
24.79167,5
24.80000,5
24.80833,4
24.81667,5
24.82500,5
24.83333,4
24.84167,4
24.85000,4
24.85833,5
24.86667,5
24.87500,6
24.88333,6
24.89167,6
24.90000,6
24.90833,6
24.91667,5
24.92500,6
24.93333,6
24.94167,6
24.95000,6
24.95833,6
24.96667,5
24.97500,5
24.98333,5
24.99167,4
25.00000,4
25.00833,4
25.01667,4
25.02500,4
25.03333,5
25.04167,4
25.05000,4
25.05833,4
25.06667,4
25.07500,4
25.08333,4
25.09167,4
25.10000,4
25.10833,4
25.11667,4
25.12500,3
25.13333,3
25.14167,3
25.15000,2
25.15833,2
25.16667,2
25.17500,1
25.18333,1
25.19167,2
25.20000,2
25.20833,2
25.21667,2
25.22500,1
25.23333,1
25.24167,1
25.25000,1
25.25833,1
25.26667,1
25.27500,0
25.28333,0
25.29167,0
25.30000,0
25.30833,0
25.31667,0
25.32500,0
25.33333,0
25.34167,0
25.35000,-0
25.35833,-0
25.36667,-0
25.37500,-0
25.38333,-1
25.39167,-1
25.40000,-2
25.40833,-2
25.41667,-2
25.42500,-2
25.43333,-2
25.44167,-2
25.45000,-2
25.45833,-2
25.46667,-1
25.47500,-1
25.48333,-1
25.49167,-1
25.50000,-2
25.50833,-2
25.51667,-2
25.52500,-2
25.53333,-2
25.54167,-2
25.55000,-2
25.55833,-3
25.56667,-3
25.57500,-3
25.58333,-3
25.59167,-3
25.60000,-3
25.60833,-3
25.61667,-3
25.62500,-3
25.63333,-3
25.64167,-3
25.65000,-3
25.65833,-2
25.66667,-2
25.67500,-2
25.68333,-2
25.69167,-2
25.70000,-2
25.70833,-2
25.71667,-2
25.72500,-2
25.73333,-2
25.74167,-2
25.75000,-2
25.75833,-2
25.76667,-3
25.77500,-3
25.78333,-3
25.79167,-3
25.80000,-3
25.80833,-3
25.81667,-3
25.82500,-3
25.83333,-3
25.84167,-3
25.85000,-3
25.85833,-4
25.86667,-3
25.87500,-3
25.88333,-3
25.89167,-3
25.90000,-3
25.90833,-3
25.91667,-3
25.92500,-3
25.93333,-3
25.94167,-3
25.95000,-3
25.95833,-3
25.96667,-3
25.97500,-3
25.98333,-3
25.99167,-3
26.00000,-4
26.00833,-4
26.01667,-4
26.02500,-3
26.03333,-3
26.04167,-3
26.05000,-4
26.05833,-4
26.06667,-4
26.07500,-4
26.08333,-3
26.09167,-3
26.10000,-3
26.10833,-3
26.11667,-3
26.12500,-3
26.13333,-3
26.14167,-3
26.15000,-3
26.15833,-3
26.16667,-3
26.17500,-3
26.18333,-3
26.19167,-3
26.20000,-3
26.20833,-3
26.21667,-2
26.22500,-2
26.23333,-3
26.24167,-3
26.25000,-3
26.25833,-3
26.26667,-4
26.27500,-3
26.28333,-3
26.29167,-3
26.30000,-3
26.30833,-3
26.31667,-3
26.32500,-3
26.33333,-3
26.34167,-3
26.35000,-3
26.35833,-3
26.36667,-3
26.37500,-3
26.38333,-3
26.39167,-3
26.40000,-3
26.40833,-3
26.41667,-4
26.42500,-4
26.43333,-4
26.44167,-4
26.45000,-4
26.45833,-3
26.46667,-3
26.47500,-3
26.48333,-3
26.49167,-3
26.50000,-3
26.50833,-3
26.51667,-3
26.52500,-3
26.53333,-3
26.54167,-3
26.55000,-3
26.55833,-3
26.56667,-4
26.57500,-4
26.58333,-4
26.59167,-4
26.60000,-4
26.60833,-4
26.61667,-4
26.62500,-4
26.63333,-4
26.64167,-4
26.65000,-4
26.65833,-5
26.66667,-5
26.67500,-5
26.68333,-5
26.69167,-5
26.70000,-5
26.70833,-6
26.71667,-6
26.72500,-6
26.73333,-6
26.74167,-7
26.75000,-7
26.75833,-7
26.76667,-8
26.77500,-8
26.78333,-9
26.79167,-10
26.80000,-10
26.80833,-11
26.81667,-12
26.82500,-12
26.83333,-13
26.84167,-14
26.85000,-14
26.85833,-15
26.86667,-16
26.87500,-16
26.88333,-17
26.89167,-17
26.90000,-18
26.90833,-19
26.91667,-20
26.92500,-21
26.93333,-23
26.94167,-24
26.95000,-25
26.95833,-26
26.96667,-28
26.97500,-29
26.98333,-29
26.99167,-30
27.00000,-31
27.00833,-32
27.01667,-34
27.02500,-35
27.03333,-37
27.04167,-38
27.05000,-40
27.05833,-41
27.06667,-42
27.07500,-43
27.08333,-45
27.09167,-46
27.10000,-47
27.10833,-48
27.11667,-49
27.12500,-51
27.13333,-52
27.14167,-53
27.15000,-55
27.15833,-56
27.16667,-58
27.17500,-59
27.18333,-60
27.19167,-62
27.20000,-63
27.20833,-65
27.21667,-67
27.22500,-68
27.23333,-69
27.24167,-70
27.25000,-72
27.25833,-73
27.26667,-73
27.27500,-74
27.28333,-75
27.29167,-76
27.30000,-77
27.30833,-77
27.31667,-78
27.32500,-79
27.33333,-79
27.34167,-80
27.35000,-81
27.35833,-81
27.36667,-82
27.37500,-82
27.38333,-82
27.39167,-83
27.40000,-83
27.40833,-83
27.41667,-83
27.42500,-83
27.43333,-83
27.44167,-83
27.45000,-83
27.45833,-82
27.46667,-82
27.47500,-81
27.48333,-81
27.49167,-80
27.50000,-79
27.50833,-79
27.51667,-78
27.52500,-78
27.53333,-77
27.54167,-77
27.55000,-76
27.55833,-75
27.56667,-75
27.57500,-74
27.58333,-73
27.59167,-72
27.60000,-70
27.60833,-69
27.61667,-68
27.62500,-66
27.63333,-65
27.64167,-64
27.65000,-63
27.65833,-61
27.66667,-60
27.67500,-59
27.68333,-58
27.69167,-56
27.70000,-55
27.70833,-54
27.71667,-53
27.72500,-52
27.73333,-50
27.74167,-49
27.75000,-48
27.75833,-47
27.76667,-45
27.77500,-44
27.78333,-43
27.79167,-42
27.80000,-41
27.80833,-39
27.81667,-38
27.82500,-37
27.83333,-37
27.84167,-36
27.85000,-34
27.85833,-34
27.86667,-33
27.87500,-32
27.88333,-31
27.89167,-30
27.90000,-29
27.90833,-28
27.91667,-27
27.92500,-26
27.93333,-25
27.94167,-25
27.95000,-24
27.95833,-24
27.96667,-23
27.97500,-23
27.98333,-22
27.99167,-21
28.00000,-21
28.00833,-20
28.01667,-20
28.02500,-20
28.03333,-19
28.04167,-19
28.05000,-19
28.05833,-18
28.06667,-18
28.07500,-17
28.08333,-16
28.09167,-16
28.10000,-16
28.10833,-16
28.11667,-15
28.12500,-15
28.13333,-15
28.14167,-15
28.15000,-14
28.15833,-14
28.16667,-14
28.17500,-14
28.18333,-14
28.19167,-13
28.20000,-13
28.20833,-13
28.21667,-13
28.22500,-13
28.23333,-13
28.24167,-13
28.25000,-13
28.25833,-13
28.26667,-13
28.27500,-13
28.28333,-12
28.29167,-12
28.30000,-12
28.30833,-12
28.31667,-12
28.32500,-12
28.33333,-12
28.34167,-12
28.35000,-12
28.35833,-12
28.36667,-12
28.37500,-12
28.38333,-12
28.39167,-12
28.40000,-12
28.40833,-12
28.41667,-12
28.42500,-12
28.43333,-12
28.44167,-13
28.45000,-13
28.45833,-14
28.46667,-14
28.47500,-14
28.48333,-14
28.49167,-15
28.50000,-14
28.50833,-15
28.51667,-15
28.52500,-15
28.53333,-15
28.54167,-15
28.55000,-15
28.55833,-15
28.56667,-16
28.57500,-16
28.58333,-17
28.59167,-16
28.60000,-16
28.60833,-17
28.61667,-17
28.62500,-18
28.63333,-18
28.64167,-18
28.65000,-19
28.65833,-19
28.66667,-20
28.67500,-20
28.68333,-20
28.69167,-21
28.70000,-21
28.70833,-21
28.71667,-22
28.72500,-22
28.73333,-23
28.74167,-24
28.75000,-25
28.75833,-25
28.76667,-26
28.77500,-26
28.78333,-26
28.79167,-26
28.80000,-27
28.80833,-27
28.81667,-27
28.82500,-28
28.83333,-28
28.84167,-28
28.85000,-29
28.85833,-29
28.86667,-29
28.87500,-30
28.88333,-30
28.89167,-31
28.90000,-32
28.90833,-32
28.91667,-33
28.92500,-33
28.93333,-33
28.94167,-33
28.95000,-34
28.95833,-34
28.96667,-34
28.97500,-34
28.98333,-34
28.99167,-35
29.00000,-35
29.00833,-36
29.01667,-36
29.02500,-36
29.03333,-36
29.04167,-37
29.05000,-37
29.05833,-37
29.06667,-38
29.07500,-38
29.08333,-38
29.09167,-38
29.10000,-38
29.10833,-38
29.11667,-38
29.12500,-37
29.13333,-37
29.14167,-37
29.15000,-37
29.15833,-37
29.16667,-37
29.17500,-37
29.18333,-36
29.19167,-36
29.20000,-36
29.20833,-35
29.21667,-35
29.22500,-35
29.23333,-35
29.24167,-35
29.25000,-34
29.25833,-34
29.26667,-33
29.27500,-32
29.28333,-32
29.29167,-32
29.30000,-31
29.30833,-31
29.31667,-31
29.32500,-30
29.33333,-30
29.34167,-29
29.35000,-29
29.35833,-28
29.36667,-28
29.37500,-27
29.38333,-26
29.39167,-26
29.40000,-26
29.40833,-25
29.41667,-25
29.42500,-24
29.43333,-24
29.44167,-23
29.45000,-23
29.45833,-22
29.46667,-22
29.47500,-22
29.48333,-22
29.49167,-22
29.50000,-21
29.50833,-21
29.51667,-20
29.52500,-19
29.53333,-19
29.54167,-18
29.55000,-18
29.55833,-18
29.56667,-18
29.57500,-17
29.58333,-17
29.59167,-17
29.60000,-16
29.60833,-16
29.61667,-16
29.62500,-16
29.63333,-16
29.64167,-15
29.65000,-15
29.65833,-14
29.66667,-14
29.67500,-14
29.68333,-14
29.69167,-13
29.70000,-13
29.70833,-13
29.71667,-13
29.72500,-12
29.73333,-12
29.74167,-12
29.75000,-12
29.75833,-11
29.76667,-11
29.77500,-11
29.78333,-11
29.79167,-11
29.80000,-10
29.80833,-10
29.81667,-10
29.82500,-10
29.83333,-10
29.84167,-9
29.85000,-9
29.85833,-9
29.86667,-9
29.87500,-9
29.88333,-9
29.89167,-9
29.90000,-9
29.90833,-9
29.91667,-9
29.92500,-9
29.93333,-9
29.94167,-9
29.95000,-9
29.95833,-8
29.96667,-8
29.97500,-8
29.98333,-8
29.99167,-8
30.00000,-8
30.00833,-8
30.01667,-8
30.02500,-8
30.03333,-8
30.04167,-8
30.05000,-8
30.05833,-7
30.06667,-7
30.07500,-7
30.08333,-7
30.09167,-7
30.10000,-7
30.10833,-7
30.11667,-7
30.12500,-7
30.13333,-7
30.14167,-7
30.15000,-7
30.15833,-7
30.16667,-7
30.17500,-7
30.18333,-7
30.19167,-7
30.20000,-8
30.20833,-8
30.21667,-8
30.22500,-8
30.23333,-8
30.24167,-8
30.25000,-8
30.25833,-8
30.26667,-8
30.27500,-8
30.28333,-7
30.29167,-7
30.30000,-7
30.30833,-7
30.31667,-6
30.32500,-6
30.33333,-6
30.34167,-7
30.35000,-7
30.35833,-6
30.36667,-6
30.37500,-6
30.38333,-6
30.39167,-6
30.40000,-6
30.40833,-6
30.41667,-6
30.42500,-6
30.43333,-6
30.44167,-6
30.45000,-6
30.45833,-6
30.46667,-6
30.47500,-6
30.48333,-6
30.49167,-6
30.50000,-6
30.50833,-6
30.51667,-7
30.52500,-7
30.53333,-7
30.54167,-7
30.55000,-7
30.55833,-7
30.56667,-7
30.57500,-7
30.58333,-7
30.59167,-7
30.60000,-7
30.60833,-7
30.61667,-6
30.62500,-6
30.63333,-6
30.64167,-6
30.65000,-6
30.65833,-6
30.66667,-6
30.67500,-6
30.68333,-7
30.69167,-7
30.70000,-7
30.70833,-6
30.71667,-6
30.72500,-7
30.73333,-7
30.74167,-6
30.75000,-6
30.75833,-6
30.76667,-6
30.77500,-6
30.78333,-6
30.79167,-6
30.80000,-6
30.80833,-6
30.81667,-6
30.82500,-6
30.83333,-6
30.84167,-6
30.85000,-7
30.85833,-7
30.86667,-7
30.87500,-7
30.88333,-6
30.89167,-6
30.90000,-6
30.90833,-6
30.91667,-6
30.92500,-5
30.93333,-5
30.94167,-5
30.95000,-5
30.95833,-5
30.96667,-5
30.97500,-5
30.98333,-5
30.99167,-5
31.00000,-5
31.00833,-5
31.01667,-5
31.02500,-5
31.03333,-5
31.04167,-5
31.05000,-5
31.05833,-5
31.06667,-5
31.07500,-5
31.08333,-6
31.09167,-6
31.10000,-6
31.10833,-6
31.11667,-6
31.12500,-5
31.13333,-5
31.14167,-5
31.15000,-5
31.15833,-4
31.16667,-4
31.17500,-4
31.18333,-4
31.19167,-4
31.20000,-4
31.20833,-4
31.21667,-4
31.22500,-4
31.23333,-4
31.24167,-4
31.25000,-4
31.25833,-3
31.26667,-4
31.27500,-4
31.28333,-4
31.29167,-4
31.30000,-4
31.30833,-5
31.31667,-5
31.32500,-5
31.33333,-5
31.34167,-5
31.35000,-5
31.35833,-5
31.36667,-5
31.37500,-5
31.38333,-5
31.39167,-5
31.40000,-5
31.40833,-5
31.41667,-5
31.42500,-5
31.43333,-5
31.44167,-4
31.45000,-4
31.45833,-4
31.46667,-4
31.47500,-4
31.48333,-4
31.49167,-4
31.50000,-4
31.50833,-4
31.51667,-4
31.52500,-5
31.53333,-5
31.54167,-5
31.55000,-4
31.55833,-4
31.56667,-4
31.57500,-4
31.58333,-4
31.59167,-4
31.60000,-4
31.60833,-4
31.61667,-4
31.62500,-4
31.63333,-4
31.64167,-4
31.65000,-4
31.65833,-4
31.66667,-4
31.67500,-4
31.68333,-4
31.69167,-4
31.70000,-4
31.70833,-4
31.71667,-4
31.72500,-4
31.73333,-4
31.74167,-4
31.75000,-4
31.75833,-4
31.76667,-4
31.77500,-4
31.78333,-4
31.79167,-4
31.80000,-4
31.80833,-4
31.81667,-3
31.82500,-3
31.83333,-4
31.84167,-4
31.85000,-4
31.85833,-5
31.86667,-5
31.87500,-5
31.88333,-5
31.89167,-4
31.90000,-4
31.90833,-4
31.91667,-4
31.92500,-4
31.93333,-4
31.94167,-4
31.95000,-4
31.95833,-4
31.96667,-4
31.97500,-4
31.98333,-4
31.99167,-4
32.00000,-4
32.00833,-4
32.01667,-4
32.02500,-4
32.03333,-4
32.04167,-4
32.05000,-4
32.05833,-4
32.06667,-3
32.07500,-3
32.08333,-3
32.09167,-3
32.10000,-3
32.10833,-3
32.11667,-3
32.12500,-3
32.13333,-3
32.14167,-3
32.15000,-3
32.15833,-3
32.16667,-3
32.17500,-3
32.18333,-3
32.19167,-3
32.20000,-4
32.20833,-4
32.21667,-4
32.22500,-4
32.23333,-4
32.24167,-4
32.25000,-4
32.25833,-4
32.26667,-4
32.27500,-4
32.28333,-4
32.29167,-4
32.30000,-4
32.30833,-4
32.31667,-4
32.32500,-4
32.33333,-5
32.34167,-5
32.35000,-5
32.35833,-5
32.36667,-5
32.37500,-5
32.38333,-5
32.39167,-5
32.40000,-5
32.40833,-5
32.41667,-5
32.42500,-5
32.43333,-5
32.44167,-5
32.45000,-5
32.45833,-5
32.46667,-5
32.47500,-5
32.48333,-5
32.49167,-5
32.50000,-5
32.50833,-5
32.51667,-5
32.52500,-5
32.53333,-5
32.54167,-5
32.55000,-4
32.55833,-4
32.56667,-4
32.57500,-4
32.58333,-4
32.59167,-4
32.60000,-4
32.60833,-4
32.61667,-4
32.62500,-4
32.63333,-4
32.64167,-5
32.65000,-5
32.65833,-5
32.66667,-5
32.67500,-5
32.68333,-5
32.69167,-5
32.70000,-5
32.70833,-5
32.71667,-5
32.72500,-5
32.73333,-5
32.74167,-5
32.75000,-5
32.75833,-5
32.76667,-6
32.77500,-6
32.78333,-6
32.79167,-6
32.80000,-6
32.80833,-6
32.81667,-6
32.82500,-7
32.83333,-7
32.84167,-7
32.85000,-7
32.85833,-7
32.86667,-7
32.87500,-7
32.88333,-7
32.89167,-7
32.90000,-7
32.90833,-8
32.91667,-7
32.92500,-8
32.93333,-8
32.94167,-8
32.95000,-8
32.95833,-8
32.96667,-8
32.97500,-8
32.98333,-8
32.99167,-8
33.00000,-7
33.00833,-7
33.01667,-7
33.02500,-7
33.03333,-7
33.04167,-8
33.05000,-8
33.05833,-8
33.06667,-8
33.07500,-8
33.08333,-8
33.09167,-8
33.10000,-8
33.10833,-8
33.11667,-8
33.12500,-8
33.13333,-8
33.14167,-8
33.15000,-8
33.15833,-8
33.16667,-8
33.17500,-8
33.18333,-7
33.19167,-7
33.20000,-7
33.20833,-8
33.21667,-8
33.22500,-8
33.23333,-7
33.24167,-7
33.25000,-7
33.25833,-7
33.26667,-7
33.27500,-7
33.28333,-7
33.29167,-7
33.30000,-7
33.30833,-7
33.31667,-7
33.32500,-8
33.33333,-8
33.34167,-8
33.35000,-8
33.35833,-8
33.36667,-8
33.37500,-8
33.38333,-8
33.39167,-8
33.40000,-8
33.40833,-8
33.41667,-7
33.42500,-7
33.43333,-7
33.44167,-7
33.45000,-7
33.45833,-7
33.46667,-7
33.47500,-6
33.48333,-6
33.49167,-6
33.50000,-6
33.50833,-6
33.51667,-6
33.52500,-6
33.53333,-6
33.54167,-6
33.55000,-6
33.55833,-6
33.56667,-6
33.57500,-6
33.58333,-6
33.59167,-6
33.60000,-6
33.60833,-6
33.61667,-6
33.62500,-6
33.63333,-6
33.64167,-5
33.65000,-5
33.65833,-5
33.66667,-5
33.67500,-6
33.68333,-6
33.69167,-6
33.70000,-6
33.70833,-6
33.71667,-6
33.72500,-6
33.73333,-5
33.74167,-5
33.75000,-5
33.75833,-4
33.76667,-4
33.77500,-4
33.78333,-4
33.79167,-4
33.80000,-4
33.80833,-4
33.81667,-4
33.82500,-5
33.83333,-5
33.84167,-5
33.85000,-4
33.85833,-4
33.86667,-5
33.87500,-5
33.88333,-5
33.89167,-5
33.90000,-5
33.90833,-5
33.91667,-4
33.92500,-4
33.93333,-4
33.94167,-4
33.95000,-4
33.95833,-4
33.96667,-4
33.97500,-4
33.98333,-4
33.99167,-4
34.00000,-4
34.00833,-4
34.01667,-3
34.02500,-4
34.03333,-4
34.04167,-4
34.05000,-4
34.05833,-4
34.06667,-4
34.07500,-4
34.08333,-4
34.09167,-4
34.10000,-5
34.10833,-5
34.11667,-5
34.12500,-4
34.13333,-4
34.14167,-4
34.15000,-4
34.15833,-5
34.16667,-5
34.17500,-5
34.18333,-5
34.19167,-5
34.20000,-5
34.20833,-5
34.21667,-5
34.22500,-5
34.23333,-4
34.24167,-4
34.25000,-4
34.25833,-4
34.26667,-4
34.27500,-4
34.28333,-4
34.29167,-4
34.30000,-4
34.30833,-4
34.31667,-4
34.32500,-4
34.33333,-5
34.34167,-5
34.35000,-5
34.35833,-5
34.36667,-5
34.37500,-4
34.38333,-5
34.39167,-5
34.40000,-5
34.40833,-5
34.41667,-5
34.42500,-5
34.43333,-5
34.44167,-5
34.45000,-4
34.45833,-4
34.46667,-4
34.47500,-5
34.48333,-5
34.49167,-5
34.50000,-5
34.50833,-5
34.51667,-5
34.52500,-5
34.53333,-4
34.54167,-4
34.55000,-4
34.55833,-4
34.56667,-4
34.57500,-4
34.58333,-4
34.59167,-4
34.60000,-4
34.60833,-4
34.61667,-4
34.62500,-3
34.63333,-3
34.64167,-4
34.65000,-4
34.65833,-4
34.66667,-4
34.67500,-4
34.68333,-4
34.69167,-4
34.70000,-4
34.70833,-4
34.71667,-4
34.72500,-4
34.73333,-4
34.74167,-4
34.75000,-4
34.75833,-4
34.76667,-4
34.77500,-4
34.78333,-4
34.79167,-4
34.80000,-3
34.80833,-3
34.81667,-3
34.82500,-3
34.83333,-3
34.84167,-3
34.85000,-3
34.85833,-3
34.86667,-3
34.87500,-3
34.88333,-3
34.89167,-3
34.90000,-3
34.90833,-3
34.91667,-3
34.92500,-3
34.93333,-4
34.94167,-4
34.95000,-4
34.95833,-4
34.96667,-4
34.97500,-4
34.98333,-4
34.99167,-4
35.00000,-4
35.00833,-3
35.01667,-3
35.02500,-3
35.03333,-3
35.04167,-2
35.05000,-2
35.05833,-2
35.06667,-2
35.07500,-2
35.08333,-2
35.09167,-2
35.10000,-2
35.10833,-2
35.11667,-2
35.12500,-3
35.13333,-3
35.14167,-3
35.15000,-3
35.15833,-2
35.16667,-2
35.17500,-2
35.18333,-3
35.19167,-3
35.20000,-3
35.20833,-3
35.21667,-3
35.22500,-3
35.23333,-3
35.24167,-2
35.25000,-2
35.25833,-2
35.26667,-2
35.27500,-2
35.28333,-2
35.29167,-2
35.30000,-2
35.30833,-3
35.31667,-3
35.32500,-3
35.33333,-3
35.34167,-3
35.35000,-3
35.35833,-3
35.36667,-3
35.37500,-3
35.38333,-3
35.39167,-3
35.40000,-3
35.40833,-3
35.41667,-3
35.42500,-3
35.43333,-3
35.44167,-2
35.45000,-2
35.45833,-2
35.46667,-2
35.47500,-2
35.48333,-2
35.49167,-2
35.50000,-2
35.50833,-2
35.51667,-2
35.52500,-2
35.53333,-2
35.54167,-2
35.55000,-2
35.55833,-2
35.56667,-2
35.57500,-3
35.58333,-3
35.59167,-3
35.60000,-3
35.60833,-3
35.61667,-3
35.62500,-3
35.63333,-3
35.64167,-3
35.65000,-3
35.65833,-3
35.66667,-3
35.67500,-2
35.68333,-2
35.69167,-2
35.70000,-3
35.70833,-3
35.71667,-3
35.72500,-4
35.73333,-3
35.74167,-3
35.75000,-3
35.75833,-3
35.76667,-3
35.77500,-3
35.78333,-3
35.79167,-3
35.80000,-3
35.80833,-2
35.81667,-2
35.82500,-2
35.83333,-3
35.84167,-3
35.85000,-3
35.85833,-3
35.86667,-3
35.87500,-3
35.88333,-3
35.89167,-2
35.90000,-2
35.90833,-2
35.91667,-1
35.92500,-1
35.93333,-2
35.94167,-2
35.95000,-3
35.95833,-3
35.96667,-3
35.97500,-3
35.98333,-3
35.99167,-3
36.00000,-2
36.00833,-2
36.01667,-1
36.02500,-1
36.03333,-1
36.04167,-1
36.05000,-2
36.05833,-2
36.06667,-2
36.07500,-2
36.08333,-2
36.09167,-3
36.10000,-3
36.10833,-2
36.11667,-2
36.12500,-2
36.13333,-2
36.14167,-2
36.15000,-2
36.15833,-2
36.16667,-2
36.17500,-2
36.18333,-2
36.19167,-2
36.20000,-2
36.20833,-2
36.21667,-1
36.22500,-1
36.23333,-1
36.24167,-1
36.25000,-1
36.25833,-2
36.26667,-2
36.27500,-2
36.28333,-2
36.29167,-2
36.30000,-2
36.30833,-1
36.31667,-1
36.32500,-1
36.33333,-1
36.34167,-1
36.35000,-1
36.35833,-1
36.36667,-1
36.37500,-1
36.38333,-1
36.39167,-1
36.40000,-0
36.40833,-0
36.41667,-0
36.42500,-0
36.43333,-0
36.44167,-0
36.45000,0
36.45833,0
36.46667,-0
36.47500,0
36.48333,0
36.49167,1
36.50000,1
36.50833,1
36.51667,1
36.52500,1
36.53333,1
36.54167,2
36.55000,2
36.55833,2
36.56667,2
36.57500,1
36.58333,2
36.59167,1
36.60000,1
36.60833,2
36.61667,2
36.62500,2
36.63333,1
36.64167,1
36.65000,1
36.65833,1
36.66667,1
36.67500,1
36.68333,1
36.69167,1
36.70000,1
36.70833,1
36.71667,1
36.72500,1
36.73333,2
36.74167,2
36.75000,2
36.75833,2
36.76667,2
36.77500,2
36.78333,3
36.79167,3
36.80000,3
36.80833,3
36.81667,3
36.82500,3
36.83333,2
36.84167,2
36.85000,2
36.85833,2
36.86667,2
36.87500,3
36.88333,3
36.89167,3
36.90000,3
36.90833,4
36.91667,4
36.92500,4
36.93333,4
36.94167,4
36.95000,4
36.95833,4
36.96667,5
36.97500,5
36.98333,5
36.99167,4
37.00000,4
37.00833,4
37.01667,4
37.02500,4
37.03333,3
37.04167,3
37.05000,3
37.05833,3
37.06667,2
37.07500,3
37.08333,3
37.09167,4
37.10000,4
37.10833,4
37.11667,4
37.12500,4
37.13333,4
37.14167,4
37.15000,4
37.15833,4
37.16667,4
37.17500,4
37.18333,4
37.19167,4
37.20000,4
37.20833,4
37.21667,4
37.22500,5
37.23333,4
37.24167,4
37.25000,4
37.25833,4
37.26667,4
37.27500,4
37.28333,4
37.29167,4
37.30000,5
37.30833,5
37.31667,5
37.32500,5
37.33333,5
37.34167,5
37.35000,5
37.35833,5
37.36667,4
37.37500,4
37.38333,4
37.39167,4
37.40000,4
37.40833,4
37.41667,4
37.42500,4
37.43333,3
37.44167,3
37.45000,3
37.45833,3
37.46667,3
37.47500,4
37.48333,4
37.49167,4
37.50000,3
37.50833,3
37.51667,3
37.52500,3
37.53333,3
37.54167,3
37.55000,3
37.55833,3
37.56667,3
37.57500,3
37.58333,3
37.59167,3
37.60000,3
37.60833,3
37.61667,3
37.62500,3
37.63333,3
37.64167,3
37.65000,2
37.65833,2
37.66667,2
37.67500,2
37.68333,2
37.69167,2
37.70000,2
37.70833,1
37.71667,1
37.72500,1
37.73333,1
37.74167,1
37.75000,1
37.75833,1
37.76667,1
37.77500,1
37.78333,1
37.79167,2
37.80000,2
37.80833,2
37.81667,2
37.82500,2
37.83333,1
37.84167,2
37.85000,2
37.85833,1
37.86667,1
37.87500,2
37.88333,1
37.89167,1
37.90000,1
37.90833,1
37.91667,0
37.92500,0
37.93333,0
37.94167,0
37.95000,0
37.95833,0
37.96667,0
37.97500,-0
37.98333,-1
37.99167,-1
38.00000,-1
38.00833,-1
38.01667,-1
38.02500,-0
38.03333,-0
38.04167,-0
38.05000,-0
38.05833,-1
38.06667,-1
38.07500,-1
38.08333,-1
38.09167,-1
38.10000,-1
38.10833,-2
38.11667,-2
38.12500,-2
38.13333,-1
38.14167,-2
38.15000,-2
38.15833,-1
38.16667,-2
38.17500,-2
38.18333,-2
38.19167,-1
38.20000,-2
38.20833,-2
38.21667,-2
38.22500,-2
38.23333,-2
38.24167,-2
38.25000,-2
38.25833,-2
38.26667,-2
38.27500,-2
38.28333,-3
38.29167,-3
38.30000,-3
38.30833,-3
38.31667,-3
38.32500,-3
38.33333,-3
38.34167,-3
38.35000,-3
38.35833,-3
38.36667,-2
38.37500,-2
38.38333,-2
38.39167,-2
38.40000,-2
38.40833,-2
38.41667,-2
38.42500,-3
38.43333,-3
38.44167,-3
38.45000,-3
38.45833,-3
38.46667,-3
38.47500,-3
38.48333,-2
38.49167,-3
38.50000,-3
38.50833,-3
38.51667,-3
38.52500,-3
38.53333,-4
38.54167,-4
38.55000,-4
38.55833,-4
38.56667,-4
38.57500,-4
38.58333,-4
38.59167,-4
38.60000,-4
38.60833,-4
38.61667,-4
38.62500,-3
38.63333,-3
38.64167,-3
38.65000,-3
38.65833,-3
38.66667,-3
38.67500,-3
38.68333,-3
38.69167,-4
38.70000,-4
38.70833,-4
38.71667,-5
38.72500,-5
38.73333,-5
38.74167,-5
38.75000,-5
38.75833,-5
38.76667,-5
38.77500,-5
38.78333,-5
38.79167,-5
38.80000,-5
38.80833,-5
38.81667,-5
38.82500,-5
38.83333,-5
38.84167,-5
38.85000,-5
38.85833,-6
38.86667,-5
38.87500,-5
38.88333,-5
38.89167,-5
38.90000,-5
38.90833,-5
38.91667,-5
38.92500,-5
38.93333,-6
38.94167,-6
38.95000,-6
38.95833,-6
38.96667,-6
38.97500,-6
38.98333,-6
38.99167,-6
39.00000,-6
39.00833,-6
39.01667,-6
39.02500,-6
39.03333,-6
39.04167,-6
39.05000,-6
39.05833,-6
39.06667,-6
39.07500,-6
39.08333,-7
39.09167,-7
39.10000,-7
39.10833,-7
39.11667,-7
39.12500,-7
39.13333,-7
39.14167,-7
39.15000,-7
39.15833,-7
39.16667,-7
39.17500,-7
39.18333,-6
39.19167,-6
39.20000,-7
39.20833,-7
39.21667,-6
39.22500,-6
39.23333,-6
39.24167,-6
39.25000,-6
39.25833,-6
39.26667,-7
39.27500,-7
39.28333,-7
39.29167,-7
39.30000,-7
39.30833,-7
39.31667,-7
39.32500,-7
39.33333,-7
39.34167,-7
39.35000,-7
39.35833,-7
39.36667,-7
39.37500,-7
39.38333,-7
39.39167,-7
39.40000,-7
39.40833,-7
39.41667,-7
39.42500,-7
39.43333,-6
39.44167,-6
39.45000,-6
39.45833,-7
39.46667,-7
39.47500,-7
39.48333,-7
39.49167,-7
39.50000,-7
39.50833,-6
39.51667,-6
39.52500,-6
39.53333,-7
39.54167,-7
39.55000,-8
39.55833,-8
39.56667,-8
39.57500,-8
39.58333,-7
39.59167,-8
39.60000,-8
39.60833,-8
39.61667,-7
39.62500,-7
39.63333,-7
39.64167,-7
39.65000,-7
39.65833,-7
39.66667,-7
39.67500,-8
39.68333,-8
39.69167,-8
39.70000,-8
39.70833,-8
39.71667,-8
39.72500,-8
39.73333,-7
39.74167,-7
39.75000,-7
39.75833,-7
39.76667,-7
39.77500,-7
39.78333,-8
39.79167,-7
39.80000,-7
39.80833,-7
39.81667,-7
39.82500,-6
39.83333,-6
39.84167,-6
39.85000,-6
39.85833,-6
39.86667,-7
39.87500,-7
39.88333,-7
39.89167,-7
39.90000,-7
39.90833,-7
39.91667,-7
39.92500,-7
39.93333,-7
39.94167,-7
39.95000,-7
39.95833,-7
39.96667,-7
39.97500,-7
39.98333,-7
39.99167,-7
40.00000,-7
40.00833,-7
40.01667,-7
40.02500,-8
40.03333,-8
40.04167,-7
40.05000,-7
40.05833,-7
40.06667,-7
40.07500,-6
40.08333,-6
40.09167,-6
40.10000,-6
40.10833,-6
40.11667,-6
40.12500,-6
40.13333,-7
40.14167,-7
40.15000,-7
40.15833,-7
40.16667,-7
40.17500,-7
40.18333,-6
40.19167,-6
40.20000,-6
40.20833,-6
40.21667,-6
40.22500,-7
40.23333,-7
40.24167,-7
40.25000,-7
40.25833,-8
40.26667,-8
40.27500,-8
40.28333,-7
40.29167,-8
40.30000,-7
40.30833,-7
40.31667,-7
40.32500,-7
40.33333,-7
40.34167,-7
40.35000,-7
40.35833,-7
40.36667,-6
40.37500,-6
40.38333,-6
40.39167,-6
40.40000,-6
40.40833,-6
40.41667,-6
40.42500,-6
40.43333,-7
40.44167,-7
40.45000,-7
40.45833,-7
40.46667,-7
40.47500,-7
40.48333,-7
40.49167,-7
40.50000,-7
40.50833,-7
40.51667,-7
40.52500,-8
40.53333,-8
40.54167,-8
40.55000,-8
40.55833,-7
40.56667,-7
40.57500,-6
40.58333,-6
40.59167,-6
40.60000,-6
40.60833,-6
40.61667,-7
40.62500,-7
40.63333,-7
40.64167,-7
40.65000,-7
40.65833,-7
40.66667,-7
40.67500,-7
40.68333,-7
40.69167,-6
40.70000,-7
40.70833,-7
40.71667,-7
40.72500,-7
40.73333,-7
40.74167,-7
40.75000,-6
40.75833,-6
40.76667,-6
40.77500,-6
40.78333,-6
40.79167,-6
40.80000,-6
40.80833,-6
40.81667,-6
40.82500,-7
40.83333,-7
40.84167,-7
40.85000,-7
40.85833,-7
40.86667,-7
40.87500,-7
40.88333,-7
40.89167,-7
40.90000,-7
40.90833,-7
40.91667,-7
40.92500,-7
40.93333,-7
40.94167,-7
40.95000,-7
40.95833,-7
40.96667,-7
40.97500,-7
40.98333,-7
40.99167,-7
41.00000,-7
41.00833,-7
41.01667,-7
41.02500,-7
41.03333,-7
41.04167,-7
41.05000,-7
41.05833,-7
41.06667,-8
41.07500,-8
41.08333,-8
41.09167,-7
41.10000,-7
41.10833,-7
41.11667,-7
41.12500,-7
41.13333,-7
41.14167,-7
41.15000,-7
41.15833,-7
41.16667,-7
41.17500,-7
41.18333,-7
41.19167,-7
41.20000,-7
41.20833,-8
41.21667,-8
41.22500,-7
41.23333,-7
41.24167,-7
41.25000,-7
41.25833,-7
41.26667,-7
41.27500,-7
41.28333,-7
41.29167,-7
41.30000,-7
41.30833,-7
41.31667,-7
41.32500,-7
41.33333,-7
41.34167,-7
41.35000,-7
41.35833,-7
41.36667,-7
41.37500,-6
41.38333,-6
41.39167,-6
41.40000,-6
41.40833,-6
41.41667,-6
41.42500,-6
41.43333,-6
41.44167,-6
41.45000,-6
41.45833,-6
41.46667,-7
41.47500,-6
41.48333,-6
41.49167,-7
41.50000,-7
41.50833,-7
41.51667,-7
41.52500,-6
41.53333,-6
41.54167,-6
41.55000,-6
41.55833,-6
41.56667,-6
41.57500,-7
41.58333,-7
41.59167,-7
41.60000,-7
41.60833,-7
41.61667,-7
41.62500,-6
41.63333,-6
41.64167,-6
41.65000,-6
41.65833,-7
41.66667,-7
41.67500,-7
41.68333,-6
41.69167,-6
41.70000,-6
41.70833,-6
41.71667,-5
41.72500,-5
41.73333,-5
41.74167,-5
41.75000,-5
41.75833,-5
41.76667,-5
41.77500,-5
41.78333,-6
41.79167,-6
41.80000,-6
41.80833,-6
41.81667,-5
41.82500,-5
41.83333,-5
41.84167,-5
41.85000,-5
41.85833,-5
41.86667,-5
41.87500,-5
41.88333,-5
41.89167,-5
41.90000,-5
41.90833,-5
41.91667,-5
41.92500,-5
41.93333,-4
41.94167,-5
41.95000,-5
41.95833,-5
41.96667,-5
41.97500,-5
41.98333,-5
41.99167,-5
42.00000,-5
42.00833,-5
42.01667,-5
42.02500,-6
42.03333,-6
42.04167,-6
42.05000,-6
42.05833,-6
42.06667,-5
42.07500,-5
42.08333,-5
42.09167,-5
42.10000,-5
42.10833,-5
42.11667,-5
42.12500,-5
42.13333,-5
42.14167,-5
42.15000,-4
42.15833,-4
42.16667,-5
42.17500,-5
42.18333,-5
42.19167,-5
42.20000,-6
42.20833,-6
42.21667,-6
42.22500,-6
42.23333,-6
42.24167,-5
42.25000,-5
42.25833,-5
42.26667,-5
42.27500,-5
42.28333,-5
42.29167,-5
42.30000,-4
42.30833,-5
42.31667,-4
42.32500,-4
42.33333,-4
42.34167,-5
42.35000,-5
42.35833,-5
42.36667,-5
42.37500,-5
42.38333,-5
42.39167,-5
42.40000,-5
42.40833,-5
42.41667,-5
42.42500,-5
42.43333,-5
42.44167,-5
42.45000,-5
42.45833,-5
42.46667,-6
42.47500,-6
42.48333,-6
42.49167,-6
42.50000,-6
42.50833,-6
42.51667,-6
42.52500,-6
42.53333,-5
42.54167,-5
42.55000,-4
42.55833,-5
42.56667,-4
42.57500,-4
42.58333,-4
42.59167,-4
42.60000,-4
42.60833,-5
42.61667,-5
42.62500,-5
42.63333,-5
42.64167,-5
42.65000,-5
42.65833,-5
42.66667,-5
42.67500,-6
42.68333,-6
42.69167,-6
42.70000,-6
42.70833,-5
42.71667,-5
42.72500,-5
42.73333,-5
42.74167,-5
42.75000,-5
42.75833,-5
42.76667,-5
42.77500,-5
42.78333,-5
42.79167,-5
42.80000,-5
42.80833,-5
42.81667,-5
42.82500,-5
42.83333,-5
42.84167,-5
42.85000,-5
42.85833,-5
42.86667,-5
42.87500,-5
42.88333,-5
42.89167,-5
42.90000,-5
42.90833,-5
42.91667,-5
42.92500,-5
42.93333,-5
42.94167,-5
42.95000,-5
42.95833,-5
42.96667,-5
42.97500,-5
42.98333,-5
42.99167,-5
43.00000,-5
43.00833,-5
43.01667,-5
43.02500,-5
43.03333,-5
43.04167,-5
43.05000,-5
43.05833,-5
43.06667,-5
43.07500,-5
43.08333,-5
43.09167,-5
43.10000,-5
43.10833,-5
43.11667,-5
43.12500,-5
43.13333,-6
43.14167,-6
43.15000,-6
43.15833,-6
43.16667,-6
43.17500,-6
43.18333,-5
43.19167,-5
43.20000,-5
43.20833,-5
43.21667,-5
43.22500,-5
43.23333,-5
43.24167,-5
43.25000,-5
43.25833,-5
43.26667,-5
43.27500,-5
43.28333,-4
43.29167,-4
43.30000,-4
43.30833,-3
43.31667,-3
43.32500,-3
43.33333,-3
43.34167,-4
43.35000,-4
43.35833,-4
43.36667,-5
43.37500,-5
43.38333,-5
43.39167,-4
43.40000,-4
43.40833,-4
43.41667,-4
43.42500,-4
43.43333,-4
43.44167,-4
43.45000,-4
43.45833,-4
43.46667,-4
43.47500,-4
43.48333,-4
43.49167,-4
43.50000,-4
43.50833,-3
43.51667,-3
43.52500,-4
43.53333,-4
43.54167,-4
43.55000,-4
43.55833,-4
43.56667,-4
43.57500,-4
43.58333,-4
43.59167,-4
43.60000,-5
43.60833,-4
43.61667,-4
43.62500,-4
43.63333,-4
43.64167,-4
43.65000,-4
43.65833,-3
43.66667,-3
43.67500,-4
43.68333,-4
43.69167,-4
43.70000,-4
43.70833,-4
43.71667,-4
43.72500,-4
43.73333,-4
43.74167,-4
43.75000,-3
43.75833,-3
43.76667,-3
43.77500,-3
43.78333,-3
43.79167,-3
43.80000,-3
43.80833,-3
43.81667,-3
43.82500,-3
43.83333,-3
43.84167,-3
43.85000,-3
43.85833,-3
43.86667,-3
43.87500,-3
43.88333,-3
43.89167,-3
43.90000,-3
43.90833,-3
43.91667,-3
43.92500,-3
43.93333,-3
43.94167,-3
43.95000,-3
43.95833,-3
43.96667,-3
43.97500,-3
43.98333,-3
43.99167,-3
44.00000,-3
44.00833,-3
44.01667,-3
44.02500,-3
44.03333,-3
44.04167,-3
44.05000,-3
44.05833,-2
44.06667,-2
44.07500,-2
44.08333,-2
44.09167,-2
44.10000,-3
44.10833,-3
44.11667,-3
44.12500,-3
44.13333,-4
44.14167,-4
44.15000,-4
44.15833,-4
44.16667,-3
44.17500,-3
44.18333,-3
44.19167,-3
44.20000,-3
44.20833,-3
44.21667,-3
44.22500,-3
44.23333,-2
44.24167,-2
44.25000,-2
44.25833,-3
44.26667,-3
44.27500,-2
44.28333,-2
44.29167,-2
44.30000,-2
44.30833,-2
44.31667,-2
44.32500,-2
44.33333,-2
44.34167,-2
44.35000,-1
44.35833,-2
44.36667,-2
44.37500,-2
44.38333,-2
44.39167,-2
44.40000,-2
44.40833,-3
44.41667,-3
44.42500,-3
44.43333,-3
44.44167,-3
44.45000,-3
44.45833,-3
44.46667,-2
44.47500,-2
44.48333,-2
44.49167,-2
44.50000,-1
44.50833,-1
44.51667,-1
44.52500,-1
44.53333,-1
44.54167,-1
44.55000,-1
44.55833,-1
44.56667,-1
44.57500,-1
44.58333,-1
44.59167,-2
44.60000,-2
44.60833,-2
44.61667,-2
44.62500,-2
44.63333,-2
44.64167,-2
44.65000,-1
44.65833,-1
44.66667,-1
44.67500,-2
44.68333,-2
44.69167,-2
44.70000,-2
44.70833,-2
44.71667,-2
44.72500,-2
44.73333,-2
44.74167,-3
44.75000,-3
44.75833,-3
44.76667,-3
44.77500,-3
44.78333,-3
44.79167,-3
44.80000,-3
44.80833,-3
44.81667,-3
44.82500,-3
44.83333,-3
44.84167,-3
44.85000,-3
44.85833,-3
44.86667,-3
44.87500,-3
44.88333,-3
44.89167,-2
44.90000,-2
44.90833,-2
44.91667,-2
44.92500,-2
44.93333,-3
44.94167,-3
44.95000,-3
44.95833,-3
44.96667,-3
44.97500,-2
44.98333,-2
44.99167,-2
45.00000,-2
45.00833,-2
45.01667,-2
45.02500,-2
45.03333,-2
45.04167,-1
45.05000,-1
45.05833,-1
45.06667,-2
45.07500,-2
45.08333,-2
45.09167,-2
45.10000,-2
45.10833,-2
45.11667,-2
45.12500,-2
45.13333,-2
45.14167,-2
45.15000,-2
45.15833,-2
45.16667,-2
45.17500,-2
45.18333,-2
45.19167,-2
45.20000,-2
45.20833,-1
45.21667,-1
45.22500,-1
45.23333,-1
45.24167,-1
45.25000,-1
45.25833,-1
45.26667,-1
45.27500,-1
45.28333,-1
45.29167,-1
45.30000,-1
45.30833,-1
45.31667,-1
45.32500,-1
45.33333,-1
45.34167,-2
45.35000,-2
45.35833,-2
45.36667,-1
45.37500,-1
45.38333,-1
45.39167,-1
45.40000,-1
45.40833,-1
45.41667,-1
45.42500,-0
45.43333,-0
45.44167,-0
45.45000,-0
45.45833,-0
45.46667,-1
45.47500,-1
45.48333,-1
45.49167,-1
45.50000,-1
45.50833,-1
45.51667,-2
45.52500,-2
45.53333,-2
45.54167,-1
45.55000,-2
45.55833,-2
45.56667,-2
45.57500,-2
45.58333,-2
45.59167,-2
45.60000,-2
45.60833,-1
45.61667,-1
45.62500,-0
45.63333,-0
45.64167,-0
45.65000,-0
45.65833,-0
45.66667,-1
45.67500,-1
45.68333,-1
45.69167,-1
45.70000,-2
45.70833,-2
45.71667,-2
45.72500,-1
45.73333,-1
45.74167,-1
45.75000,-1
45.75833,-2
45.76667,-2
45.77500,-1
45.78333,-1
45.79167,-1
45.80000,-1
45.80833,-1
45.81667,-1
45.82500,-1
45.83333,-1
45.84167,-1
45.85000,-1
45.85833,-1
45.86667,-1
45.87500,-1
45.88333,-1
45.89167,-2
45.90000,-2
45.90833,-2
45.91667,-1
45.92500,-1
45.93333,-1
45.94167,-1
45.95000,-1
45.95833,-1
45.96667,-1
45.97500,-1
45.98333,-1
45.99167,-1
46.00000,-2
46.00833,-2
46.01667,-2
46.02500,-2
46.03333,-1
46.04167,-1
46.05000,-1
46.05833,-1
46.06667,-1
46.07500,-1
46.08333,-1
46.09167,-1
46.10000,-1
46.10833,-1
46.11667,-1
46.12500,-1
46.13333,-1
46.14167,-1
46.15000,-0
46.15833,-0
46.16667,-1
46.17500,-1
46.18333,-1
46.19167,-1
46.20000,-1
46.20833,-0
46.21667,0
46.22500,0
46.23333,0
46.24167,0
46.25000,1
46.25833,0
46.26667,-0
46.27500,-0
46.28333,-1
46.29167,-1
46.30000,-1
46.30833,-2
46.31667,-2
46.32500,-2
46.33333,-2
46.34167,-1
46.35000,-1
46.35833,-1
46.36667,-1
46.37500,-1
46.38333,-1
46.39167,-1
46.40000,-1
46.40833,-1
46.41667,-1
46.42500,-0
46.43333,-0
46.44167,-0
46.45000,-0
46.45833,-0
46.46667,-0
46.47500,-0
46.48333,-0
46.49167,-0
46.50000,-0
46.50833,-1
46.51667,-1
46.52500,-1
46.53333,-1
46.54167,-1
46.55000,-0
46.55833,-0
46.56667,0
46.57500,0
46.58333,0
46.59167,0
46.60000,0
46.60833,0
46.61667,0
46.62500,1
46.63333,1
46.64167,1
46.65000,1
46.65833,1
46.66667,1
46.67500,0
46.68333,0
46.69167,0
46.70000,0
46.70833,0
46.71667,-0
46.72500,-0
46.73333,-0
46.74167,0
46.75000,0
46.75833,0
46.76667,0
46.77500,-0
46.78333,-0
46.79167,-0
46.80000,-0
46.80833,-0
46.81667,-0
46.82500,-0
46.83333,-0
46.84167,-1
46.85000,-1
46.85833,-1
46.86667,-1
46.87500,-1
46.88333,-1
46.89167,-1
46.90000,-0
46.90833,0
46.91667,-0
46.92500,-0
46.93333,-1
46.94167,-1
46.95000,-1
46.95833,-1
46.96667,-1
46.97500,-1
46.98333,-1
46.99167,-1
47.00000,-1
47.00833,-1
47.01667,-1
47.02500,-1
47.03333,-1
47.04167,-1
47.05000,-1
47.05833,-1
47.06667,-0
47.07500,-0
47.08333,-1
47.09167,-1
47.10000,-1
47.10833,-0
47.11667,0
47.12500,0
47.13333,0
47.14167,0
47.15000,0
47.15833,0
47.16667,0
47.17500,-0
47.18333,-0
47.19167,-0
47.20000,-0
47.20833,-1
47.21667,-0
47.22500,-0
47.23333,-0
47.24167,-0
47.25000,0
47.25833,0
47.26667,0
47.27500,0
47.28333,0
47.29167,0
47.30000,0
47.30833,0
47.31667,0
47.32500,0
47.33333,-0
47.34167,-1
47.35000,-1
47.35833,-1
47.36667,-0
47.37500,0
47.38333,0
47.39167,1
47.40000,1
47.40833,0
47.41667,1
47.42500,1
47.43333,1
47.44167,1
47.45000,1
47.45833,1
47.46667,1
47.47500,1
47.48333,1
47.49167,1
47.50000,1
47.50833,1
47.51667,1
47.52500,0
47.53333,-0
47.54167,-1
47.55000,-1
47.55833,-1
47.56667,-0
47.57500,-0
47.58333,-0
47.59167,-1
47.60000,-1
47.60833,-0
47.61667,-1
47.62500,-1
47.63333,-0
47.64167,-0
47.65000,-0
47.65833,-0
47.66667,0
47.67500,0
47.68333,1
47.69167,1
47.70000,0
47.70833,0
47.71667,0
47.72500,0
47.73333,0
47.74167,0
47.75000,1
47.75833,1
47.76667,1
47.77500,1
47.78333,1
47.79167,1
47.80000,0
47.80833,0
47.81667,0
47.82500,0
47.83333,0
47.84167,-0
47.85000,-0
47.85833,0
47.86667,0
47.87500,0
47.88333,0
47.89167,0
47.90000,-0
47.90833,-0
47.91667,-0
47.92500,-0
47.93333,0
47.94167,0
47.95000,0
47.95833,0
47.96667,0
47.97500,0
47.98333,0
47.99167,0
48.00000,-0
48.00833,-0
48.01667,-0
48.02500,0
48.03333,0
48.04167,1
48.05000,1
48.05833,1
48.06667,1
48.07500,1
48.08333,1
48.09167,1
48.10000,1
48.10833,0
48.11667,0
48.12500,-0
48.13333,-0
48.14167,-0
48.15000,-0
48.15833,0
48.16667,0
48.17500,-0
48.18333,-0
48.19167,-0
48.20000,-0
48.20833,-0
48.21667,-0
48.22500,-0
48.23333,-0
48.24167,0
48.25000,0
48.25833,1
48.26667,0
48.27500,-0
48.28333,-0
48.29167,-0
48.30000,-0
48.30833,-0
48.31667,-0
48.32500,-0
48.33333,-0
48.34167,-0
48.35000,0
48.35833,0
48.36667,1
48.37500,1
48.38333,1
48.39167,1
48.40000,1
48.40833,1
48.41667,1
48.42500,0
48.43333,0
48.44167,0
48.45000,0
48.45833,-0
48.46667,-0
48.47500,-0
48.48333,-0
48.49167,-0
48.50000,-0
48.50833,0
48.51667,0
48.52500,0
48.53333,0
48.54167,0
48.55000,1
48.55833,1
48.56667,1
48.57500,1
48.58333,1
48.59167,1
48.60000,0
48.60833,1
48.61667,1
48.62500,2
48.63333,1
48.64167,1
48.65000,1
48.65833,1
48.66667,0
48.67500,0
48.68333,0
48.69167,0
48.70000,0
48.70833,-0
48.71667,0
48.72500,0
48.73333,0
48.74167,0
48.75000,1
48.75833,1
48.76667,1
48.77500,1
48.78333,1
48.79167,1
48.80000,1
48.80833,0
48.81667,0
48.82500,0
48.83333,1
48.84167,1
48.85000,1
48.85833,1
48.86667,1
48.87500,1
48.88333,0
48.89167,0
48.90000,0
48.90833,1
48.91667,0
48.92500,1
48.93333,1
48.94167,1
48.95000,1
48.95833,0
48.96667,-0
48.97500,0
48.98333,0
48.99167,1
49.00000,0
49.00833,0
49.01667,0
49.02500,0
49.03333,1
49.04167,1
49.05000,1
49.05833,1
49.06667,1
49.07500,1
49.08333,1
49.09167,1
49.10000,1
49.10833,2
49.11667,2
49.12500,1
49.13333,1
49.14167,1
49.15000,1
49.15833,1
49.16667,1
49.17500,1
49.18333,1
49.19167,1
49.20000,1
49.20833,1
49.21667,1
49.22500,1
49.23333,1
49.24167,1
49.25000,2
49.25833,2
49.26667,2
49.27500,2
49.28333,2
49.29167,2
49.30000,2
49.30833,1
49.31667,1
49.32500,1
49.33333,1
49.34167,1
49.35000,1
49.35833,1
49.36667,1
49.37500,1
49.38333,1
49.39167,1
49.40000,1
49.40833,1
49.41667,1
49.42500,1
49.43333,1
49.44167,0
49.45000,0
49.45833,0
49.46667,0
49.47500,1
49.48333,1
49.49167,1
49.50000,1
49.50833,1
49.51667,1
49.52500,1
49.53333,1
49.54167,1
49.55000,2
49.55833,2
49.56667,2
49.57500,2
49.58333,2
49.59167,2
49.60000,1
49.60833,1
49.61667,2
49.62500,2
49.63333,1
49.64167,1
49.65000,1
49.65833,1
49.66667,1
49.67500,1
49.68333,1
49.69167,1
49.70000,1
49.70833,1
49.71667,2
49.72500,1
49.73333,1
49.74167,1
49.75000,1
49.75833,1
49.76667,1
49.77500,1
49.78333,1
49.79167,2
49.80000,2
49.80833,2
49.81667,2
49.82500,2
49.83333,2
49.84167,2
49.85000,2
49.85833,2
49.86667,2
49.87500,3
49.88333,2
49.89167,2
49.90000,2
49.90833,2
49.91667,2
49.92500,2
49.93333,2
49.94167,2
49.95000,3
49.95833,3
49.96667,2
49.97500,2
49.98333,2
49.99167,3
50.00000,3