[File Description]


[Configuration]
Instrument Name, Simulated HPLC Equipment Similar to a Shimadzu
Instrument #,1
Line #,1
# of Detectors,2
Detector ID,Detector A,Detector B
Detector Name,Detector A,Detector B
# of Channels,1,1

[LC Chromatogram(Detector B-Ch1)]
Interval(msec),500
R.Time (min),Intensity
0.0,99.93264555274605
0.015,100.08900184969964
0.03,99.4121319034907
0.045,99.29383895710804
0.06,100.62936573567686
0.075,97.7691490576676
0.09,100.34338375767075
0.105,103.07171202414631
0.12,101.40474342722291
0.135,100.4059968004905
0.15,97.9956992134642
0.16499999999999998,99.56785096010096
0.18,98.78810720257921
0.195,101.31276561587718
0.21,100.51924050027364
0.22499999999999998,101.3295598171835
0.24,104.13241129042193
0.255,103.49397919060712
0.27,103.83018164682508
0.285,106.41761284495347
0.3,104.37075772161832
0.315,102.70538430244804
0.32999999999999996,101.13822544680967
0.345,104.68139379447966
0.36,102.86806017539105
0.375,101.15823657667742
0.39,105.79911341341788
0.40499999999999997,103.7958119020528
0.42,108.00323006312544
0.435,105.51011610319378
0.44999999999999996,104.01472922080194
0.46499999999999997,105.49226310527004
0.48,100.61519520007735
0.495,103.80936786842393
0.51,105.1485420405289
0.525,103.12487390534415
0.54,106.63623421777348
0.5549999999999999,99.87102461674066
0.57,108.8007897724903
0.585,103.9873030878335
0.6,108.07094396058694
0.615,102.614250567135
0.63,103.56769823235605
0.645,105.18594060016223
0.6599999999999999,107.92086003415277
0.6749999999999999,105.97660116456336
0.69,107.11679095199794
0.705,105.07360876871402
0.72,107.22285947585681
0.735,109.93199375078109
0.75,107.08997318923558
0.765,110.52924281172592
0.78,107.30765940455079
0.7949999999999999,106.44172425951655
0.8099999999999999,109.97041539928804
0.825,108.3869369053318
0.84,109.62657275858184
0.855,107.72134811029274
0.87,110.38626341590951
0.885,108.57652859731203
0.8999999999999999,112.4420858266245
0.9149999999999999,106.07992574230337
0.9299999999999999,112.25621131355874
0.945,109.8902161508152
0.96,113.23643114126715
0.975,108.44043919531137
0.99,112.31806368463263
1.005,111.5294361935205
1.02,110.1189355300973
1.035,110.89847539359148
1.05,108.54732130930319
1.065,112.97245379155153
1.08,113.02261257043332
1.095,109.96848748160568
1.1099999999999999,111.96420920486054
1.125,107.83742606572314
1.14,112.56962879134319
1.155,115.18520200664915
1.17,108.18844144578013
1.185,113.40102465947548
1.2,111.33633888704523
1.2149999999999999,113.96254840470462
1.23,114.70458793624569
1.2449999999999999,113.95134574675599
1.26,111.55356102193001
1.275,109.55188356015165
1.29,113.61714674776222
1.305,109.64983485571808
1.3199999999999998,111.21048204763102
1.335,114.77155123518206
1.3499999999999999,114.24857884952269
1.365,114.00928817531864
1.38,115.19887106776706
1.395,112.29272952446794
1.41,114.99221252567615
1.425,114.40710652414512
1.44,112.22445815709824
1.4549999999999998,114.83875729623983
1.47,113.79118187102671
1.4849999999999999,117.23146585550519
1.5,116.95208872015024
1.515,115.2614646170682
1.53,121.21457907202227
1.545,116.94694960590112
1.56,116.22382626756561
1.575,117.17638776458044
1.5899999999999999,118.13553375344617
1.605,117.8156028138309
1.6199999999999999,116.0607466611009
1.635,116.44791560637394
1.65,119.5472886674547
1.665,114.39848464784437
1.68,114.49909303202466
1.6949999999999998,119.00425042341624
1.71,116.22003183909695
1.7249999999999999,117.46847499221441
1.74,121.08070855437043
1.755,117.06291883179267
1.77,117.52161349948744
1.785,117.1862889941842
1.7999999999999998,118.52198175354815
1.815,117.87913386819959
1.8299999999999998,119.39185909191826
1.845,118.76577686890371
1.8599999999999999,118.876722711103
1.875,116.97118659557414
1.89,119.949153208659
1.905,122.76626484465763
1.92,121.03436884211357
1.9349999999999998,116.12578126795204
1.95,118.84132814273266
1.9649999999999999,122.71815379649183
1.98,124.27168816530126
1.9949999999999999,119.9052774801906
2.01,121.43469662676574
2.025,119.7216651425741
2.04,123.57952459177814
2.0549999999999997,117.14784557998385
2.07,121.35195268522568
2.085,122.04269221676107
2.1,124.36620523955523
2.1149999999999998,120.14578598817813
2.13,124.77997205007227
2.145,122.38588098756068
2.16,123.9872035843583
2.175,125.55481514192068
2.19,124.73536925074032
2.205,123.67638286342853
2.2199999999999998,122.47850057267334
2.235,124.0383721139022
2.25,121.75814272905413
2.265,129.16644937522935
2.28,125.64645781612086
2.295,123.19953617301158
2.31,128.39743235064964
2.3249999999999997,124.64274098180148
2.34,125.80298867578377
2.355,123.88336032706695
2.37,125.51246955803609
2.385,129.91299578488523
2.4,131.0377578330242
2.415,128.34834893707668
2.4299999999999997,131.2200242103153
2.445,127.03317710236068
2.46,129.32606159791666
2.475,129.4261984815281
2.4899999999999998,132.4581790328944
2.505,132.3092244209212
2.52,131.96862526875597
2.5349999999999997,134.22864871466032
2.55,133.9333637020264
2.565,135.712350866312
2.58,134.96147440030222
2.5949999999999998,136.73830916998293
2.61,141.82218345059312
2.625,139.0518640134854
2.6399999999999997,139.32377280640705
2.655,136.56034852250053
2.67,140.54928250730322
2.685,139.2671830855607
2.6999999999999997,142.98382617126248
2.715,145.37701120029413
2.73,149.68355249172367
2.745,147.17357731548097
2.76,153.42420877407386
2.775,157.77250801187424
2.79,153.92414861084472
2.8049999999999997,154.8067868402587
2.82,157.95165151982593
2.835,159.20515098693429
2.85,161.00049621893947
2.8649999999999998,166.93664800614008
2.88,171.43873332427404
2.895,175.44919112998298
2.9099999999999997,176.23963491022278
2.925,179.51218275775594
2.94,186.70707471019827
2.955,184.428209575082
2.9699999999999998,192.54614418063318
2.985,195.75180396023768
3.0,203.05433096982222
3.0149999999999997,206.3506555536029
3.03,215.51917118649462
3.045,216.81629219044288
3.06,225.5891273083838
3.0749999999999997,232.31419562174972
3.09,238.8373146285101
3.105,243.2722042849927
3.12,256.4905076915492
3.135,262.4629095276633
3.15,270.4749119751974
3.165,284.45105855827717
3.1799999999999997,287.4218950440574
3.195,299.44281482926226
3.21,316.52103027506826
3.225,326.7267387519951
3.2399999999999998,335.1885041543476
3.255,348.2463736336389
3.27,367.1974369206416
3.2849999999999997,380.0203994155454
3.3,396.54169203567994
3.315,414.51677949443337
3.33,425.87665214601736
3.3449999999999998,445.59699171423824
3.36,466.2287940687168
3.375,486.62182343989423
3.3899999999999997,507.6451357893026
3.405,527.2185016088288
3.42,547.9684339036478
3.435,571.6936168348532
3.4499999999999997,596.1074964130341
3.465,621.187340285352
3.48,644.2461995130603
3.4949999999999997,674.7012189934674
3.51,704.690210860792
3.525,739.3325827088487
3.54,770.0022501284495
3.5549999999999997,804.943622498172
3.57,839.6377658051068
3.585,872.2020734596528
3.5999999999999996,912.4161634813144
3.6149999999999998,950.5426282476898
3.63,989.7892253291159
3.645,1038.672924132457
3.6599999999999997,1080.5167796465014
3.675,1129.5813381577093
3.69,1170.3761603849675
3.705,1222.3682609105429
3.7199999999999998,1273.5275290149737
3.735,1327.175093383395
3.75,1379.3683207438585
3.7649999999999997,1434.344730852531
3.78,1494.3904125470783
3.795,1550.4985756597678
3.81,1615.396576559584
3.8249999999999997,1676.5692123053243
3.84,1744.1642872481932
3.855,1808.7334963011647
3.8699999999999997,1879.7803338054318
3.885,1951.0342553270966
3.9,2019.987790048172
3.915,2094.790079030822
3.9299999999999997,2172.5642329531115
3.945,2251.6832297729497
3.96,2332.461998358673
3.9749999999999996,2411.8324223331447
3.9899999999999998,2494.2506706352324
4.005,2576.703664192206
4.02,2664.084683128251
4.035,2753.6238608083563
4.05,2843.803264002093
4.0649999999999995,2938.447474676649
4.08,3030.3105194876334
4.095,3126.4870323617215
4.109999999999999,3218.4089758699865
4.125,3318.1993649409023
4.14,3415.384062967915
4.155,3515.7236597268056
4.17,3616.0958533130215
4.185,3717.799296377594
4.2,3817.5717188657513
4.215,3923.261852545558
4.2299999999999995,4026.9620595949063
4.245,4134.693531296933
4.26,4234.751299774746
4.2749999999999995,4340.98642488608
4.29,4448.088606650641
4.305,4551.354018839967
4.32,4654.081959461574
4.335,4756.429482744831
4.35,4862.071412522739
4.365,4960.392376020894
4.38,5061.745351471894
4.395,5157.537934347659
4.41,5256.940570221658
4.425,5347.223597730132
4.4399999999999995,5439.512559623718
4.455,5521.033367476658
4.47,5607.65182879906
4.484999999999999,5686.091518983899
4.5,5766.031571493747
4.515,5838.4446018122835
4.53,5899.931017616557
4.545,5966.756364259097
4.56,6017.712451963551
4.575,6071.954829040199
4.59,6110.371595097953
4.6049999999999995,6149.69413208895
4.62,6176.834306534928
4.635,6201.617265688843
4.6499999999999995,6211.498400647408
4.665,6217.767995866063
4.68,6209.855467622241
4.694999999999999,6200.916228138236
4.71,6175.575659908586
4.725,6147.09536336242
4.74,6102.31214110463
4.755,6056.444847874153
4.77,5999.094836180683
4.785,5928.750845474824
4.8,5851.763672336678
4.8149999999999995,5770.6598760479355
4.83,5671.070944481297
4.845,5568.366615771992
4.859999999999999,5458.536622483516
4.875,5337.983714843387
4.89,5211.57935765781
4.905,5079.835333325664
4.92,4937.1248948932325
4.935,4792.885495928829
4.95,4642.153980506206
4.965,4488.420609211741
4.9799999999999995,4327.459135928464
4.995,4172.9940190703865
5.01,4006.5260521113382
5.0249999999999995,3834.0960861806643
5.04,3670.594757399862
5.055,3501.542330158887
5.069999999999999,3337.1380397331895
5.085,3165.5920846127233
5.1,3006.2718590159557
5.115,2846.217326804682
5.13,2687.0568964019517
5.145,2537.328712235101
5.16,2383.045630702453
5.175,2236.7276846595896
5.1899999999999995,2096.0570687662052
5.205,1958.7930460617088
5.22,1829.7926711752916
5.234999999999999,1707.6057809670542
5.25,1588.6110559473743
5.265,1476.3251101956123
5.279999999999999,1366.6054385700954
5.295,1270.3946232793928
5.31,1173.8968148902575
5.325,1080.0726319164228
5.34,1001.976621536919
5.3549999999999995,929.2893193366323
5.37,856.3977857932523
5.385,790.0701318387462
5.3999999999999995,732.7013021273783
5.415,675.6320173164714
5.43,624.7038499684908
5.444999999999999,575.8221616888834
5.46,535.0180399581805
5.475,498.19753926287143
5.49,468.0482082930861
5.505,436.1445891663882
5.52,407.09900237775037
5.535,387.8620218526015
5.55,360.388292837614
5.5649999999999995,343.4163038175861
5.58,328.39534600155815
5.595,314.0193096342196
5.609999999999999,300.0881744527718
5.625,286.85440410868125
5.64,282.4194572735527
5.654999999999999,269.15956326076855
5.67,263.15983442792043
5.685,255.5663499618208
5.7,252.2515484954878
5.715,247.51752948064018
5.7299999999999995,246.46612349645704
5.745,240.73672586755512
5.76,239.62434003205152
5.7749999999999995,236.64693194912448
5.79,238.55413074934054
5.805,234.59638211283982
5.819999999999999,236.55291139132157
5.835,233.28920242385922
5.85,232.63816256186522
5.865,231.54221552556882
5.88,236.98944266376674
5.895,236.34004250625458
5.91,237.2043240936868
5.925,234.86206641081398
5.9399999999999995,237.42523108430424
5.955,239.61936348247008
5.97,239.46015660255185
5.984999999999999,242.94486968345342
6.0,245.15049487779243
6.015,245.9509025675155
6.029999999999999,245.2901316980304
6.045,246.54760627373128
6.06,251.57778043023117
6.075,253.29767250078095
6.09,252.5496603253
6.1049999999999995,253.84988840438018
6.12,255.80591419841923
6.135,258.58852853733947
6.1499999999999995,259.4643990121151
6.165,262.47516995617883
6.18,265.3207439935903
6.194999999999999,267.89120511831595
6.21,271.8963115635914
6.225,272.33788978628195
6.24,275.511585835151
6.255,280.88349565725713
6.27,284.1104505344027
6.285,284.94818784832273
6.3,288.407290414506
6.3149999999999995,296.2262900863624
6.33,295.722156149592
6.345,302.837360593797
6.359999999999999,306.0949174116827
6.375,307.5713773077522
6.39,311.87374364159797
6.404999999999999,313.2946544488675
6.42,320.72432549053644
6.435,321.0972561434054
6.45,329.29854894388416
6.465,332.32907168570114
6.4799999999999995,333.4149972522347
6.495,341.35236419774503
6.51,346.24899317744405
6.5249999999999995,354.45703132487154
6.54,356.59657622601026
6.555,362.657905674834
6.569999999999999,367.90938794406816
6.585,374.7447444141586
6.6,381.2016299977622
6.614999999999999,383.15675799422183
6.63,391.73248807486493
6.645,398.28358029669505
6.66,403.8686122031502
6.675,408.64953787670095
6.6899999999999995,415.70257448666564
6.705,422.43180608532714
6.72,428.17761604042755
6.734999999999999,435.2182744573756
6.75,445.1179185008877
6.765,455.5706864124706
6.779999999999999,456.7871220830574
6.795,465.67108320954054
6.81,471.6432203100693
6.825,481.84599656584226
6.84,492.5003798362818
6.8549999999999995,499.58590023518036
6.87,505.9835592691061
6.885,510.9502354983333
6.8999999999999995,518.733281887166
6.915,529.5724767196581
6.93,538.1064683303214
6.944999999999999,545.7629905892057
6.96,552.7817495472761
6.975,566.0520664959992
6.989999999999999,568.6301381043893
7.005,578.4287131953281
7.02,590.7799834681981
7.035,596.8471214920999
7.05,608.6047520118041
7.0649999999999995,618.1014837391548
7.08,626.1614324096474
7.095,632.338062674878
7.109999999999999,643.5209645422395
7.125,651.8921159044423
7.14,660.051398454932
7.154999999999999,669.6556377643467
7.17,676.807951984178
7.185,684.094990509317
7.199999999999999,690.8130262823942
7.215,699.855807250327
7.2299999999999995,709.9776786740456
7.245,718.5899097820343
7.26,727.9448404943909
7.2749999999999995,737.5537984649638
7.29,743.4176081603619
7.305,752.2128236224405
7.319999999999999,759.1606543365305
7.335,768.1232816610988
7.35,777.4908331368762
7.364999999999999,783.6868357407046
7.38,791.6248372708645
7.395,797.4185671210435
7.41,805.5078368000015
7.425,807.6640090219483
7.4399999999999995,818.0684803876507
7.455,822.3415849790451
7.47,826.8817646853339
7.484999999999999,834.8335330970808
7.5,837.1116086010686
7.515,846.0709714306155
7.529999999999999,849.9768006864085
7.545,851.8213399747941
7.56,857.5423093625707
7.574999999999999,863.3225973929693
7.59,867.2779434145714
7.6049999999999995,868.5858659161153
7.62,871.3450879243982
7.635,874.6339624912496
7.6499999999999995,876.5810882180889
7.665,882.1951219884937
7.68,885.6731470748794
7.694999999999999,885.0880708516378
7.71,885.5881545314555
7.725,890.2986792152194
7.739999999999999,891.0453678391821
7.755,893.7885051440685
7.77,887.8115412747736
7.785,891.4391923685741
7.8,894.0421153877328
7.8149999999999995,888.5670402305369
7.83,889.5536144698325
7.845,887.8539982845323
7.859999999999999,885.7525717284992
7.875,881.9252149312026
7.89,881.1662548164726
7.904999999999999,878.1472233897282
7.92,872.5317738648719
7.935,869.8532208679625
7.949999999999999,868.3021398860687
7.965,868.1515956501071
7.9799999999999995,861.7512276549444
7.995,857.7767875495481
8.01,852.4034195078272
8.025,847.763800067281
8.04,843.2848241844955
8.055,837.0391654110477
8.07,832.9531049776105
8.084999999999999,826.6319613879471
8.1,820.4682866701824
8.115,813.2328325433106
8.129999999999999,803.6018207324411
8.145,797.4093277091911
8.16,795.2496096568428
8.174999999999999,784.2136791285166
8.19,777.0875543049102
8.205,769.0216263326506
8.219999999999999,761.1769517649282
8.235,751.051583136149
8.25,746.1362730848176
8.265,739.8341860290318
8.28,731.9390413972903
8.295,716.2624865120746
8.31,713.6897303039902
8.325,703.5563072172732
8.34,701.1721746259446
8.355,686.7526257169659
8.37,677.9988935966619
8.385,669.3393106047764
8.4,664.5627004988851
8.415,650.1918463047972
8.43,644.6908994477853
8.445,631.7648263701269
8.459999999999999,627.7080436628819
8.475,619.510506398216
8.49,610.3659065691518
8.504999999999999,600.5771441148868
8.52,591.1962545866384
8.535,585.9691860518125
8.549999999999999,576.2141224678043
8.565,563.6006415510308
8.58,559.0571970014327
8.594999999999999,546.3346919401338
8.61,541.3828743178711
8.625,534.2031472234526
8.64,525.3010102539489
8.655,517.5520375092501
8.67,510.3287274696256
8.685,500.9221765856161
8.7,495.75064923920945
8.715,488.7362846267396
8.73,483.6430832346498
8.745,477.43306480595425
8.76,469.5406216727162
8.775,460.09828973018386
8.79,454.2179199414213
8.805,448.477611929281
8.82,447.5409923802892
8.834999999999999,435.45020210823174
8.85,434.5099880236339
8.865,427.0084900274541
8.879999999999999,423.8696003811075
8.895,421.80107565799415
8.91,414.46753197883936
8.924999999999999,413.7901787786954
8.94,403.36660969010074
8.955,404.0563336739316
8.969999999999999,399.66510189775454
8.985,400.3979323836164
9.0,397.3417629592084
9.014999999999999,395.7449324186084
9.03,392.37124930991666
9.045,392.2887025985186
9.06,389.7148091458157
9.075,391.2932737230508
9.09,391.99374286164345
9.105,389.214779641696
9.12,391.4437862977556
9.135,388.63471593404665
9.15,391.0078585999896
9.165,395.4206643807538
9.18,400.74769365987595
9.195,396.71220095680053
9.209999999999999,402.20512833718806
9.225,406.28551374406845
9.24,413.12124591042334
9.254999999999999,416.39195741117203
9.27,417.71922125652964
9.285,425.54082593121296
9.299999999999999,435.87756123743327
9.315,444.7416513203749
9.33,449.1184427958614
9.344999999999999,459.7595159576788
9.36,465.72008810423637
9.375,477.35646834532326
9.389999999999999,491.59072423650565
9.405,503.8935363545256
9.42,510.81886480053095
9.435,529.7690391224772
9.45,541.0074935135751
9.465,556.743561001572
9.48,575.3045572428128
9.495,584.1030025923657
9.51,605.9715620585126
9.525,625.2263002999763
9.54,644.3383646391545
9.555,665.8910221256292
9.57,688.7800306770856
9.584999999999999,707.1579496091427
9.6,733.4202883918952
9.615,759.170140221869
9.629999999999999,786.725156964579
9.645,814.5268074766111
9.66,840.8217330169258
9.674999999999999,869.7088636686086
9.69,902.599713245713
9.705,932.8809613261931
9.719999999999999,971.5758982972624
9.735,1005.4108915881609
9.75,1043.679743977034
9.764999999999999,1080.1651186661504
9.78,1118.999591326879
9.795,1159.4000398547928
9.81,1199.779628572607
9.825,1249.7291470583307
9.84,1288.8328755865564
9.855,1338.7025281280658
9.87,1385.3776739681648
9.885,1434.3898440574092
9.9,1483.231152709675
9.915,1539.0846304050765
9.93,1594.3174879101086
9.945,1648.4311741612937
9.959999999999999,1705.0986509282436
9.975,1767.523772752577
9.99,1822.5535654719265
10.004999999999999,1885.5017847428946
10.02,1948.3939496134994
10.035,2018.071672383698
10.049999999999999,2079.3575017830726
10.065,2149.955712177527
10.08,2218.258391181045
10.094999999999999,2289.4764053576855
10.11,2364.258738669299
10.125,2435.3541208848787
10.139999999999999,2508.6713912584496
10.155,2582.0336432805143
10.17,2657.091432578061
10.185,2738.040508984765
10.2,2817.630744532314
10.215,2900.4314140382794
10.23,2978.92297960967
10.245,3062.889473537081
10.26,3143.489974115717
10.275,3228.2201533861635
10.29,3311.0111554074147
10.305,3394.8963759080366
10.32,3485.5314513503163
10.334999999999999,3573.7705010508694
10.35,3655.3225985610534
10.365,3742.2953118047703
10.379999999999999,3832.509191318688
10.395,3923.097803390807
10.41,4005.390555291788
10.424999999999999,4093.292382560972
10.44,4182.680202553784
10.455,4267.73814716883
10.469999999999999,4360.541210983883
10.485,4439.159818843096
10.5,4526.672473955329
10.514999999999999,4613.452088967392
10.53,4697.504530749029
10.545,4780.686355041419
10.559999999999999,4859.505812405838
10.575,4941.844867343289
10.59,5022.981041886721
10.605,5103.082016025016
10.62,5179.318388913332
10.635,5255.824450745972
10.65,5333.555077541894
10.665,5402.465031357521
10.68,5473.254071699842
10.695,5540.984774148481
10.709999999999999,5606.9076457202955
10.725,5673.955198807381
10.74,5738.848859027587
10.754999999999999,5796.243264478158
10.77,5853.513615596544
10.785,5911.840778825385
10.799999999999999,5962.169082824959
10.815,6015.114722976015
10.83,6064.224448730405
10.844999999999999,6110.850702595427
10.86,6154.739768763222
10.875,6189.120253799407
10.889999999999999,6227.663436231228
10.905,6257.838839824409
10.92,6284.46922693303
10.934999999999999,6305.972736973886
10.95,6333.487567935892
10.965,6349.905955462679
10.98,6367.45458645187
10.995,6375.361352759141
11.01,6386.323264659737
11.025,6392.950165855261
11.04,6394.485308897585
11.055,6394.591251993118
11.07,6389.802496819032
11.084999999999999,6384.660941245542
11.1,6373.435808770723
11.115,6358.165207575616
11.129999999999999,6343.102421581896
11.145,6316.300735731241
11.16,6296.351925052282
11.174999999999999,6267.781471453291
11.19,6236.597613118618
11.205,6204.611110300773
11.219999999999999,6165.41015272335
11.235,6126.862191927879
11.25,6080.974858441024
11.264999999999999,6043.6385516603095
11.28,5989.556948287517
11.295,5942.294291678953
11.309999999999999,5888.653068157816
11.325,5825.953662569003
11.34,5772.584412749956
11.355,5709.894242588811
11.37,5644.184835975742
11.385,5574.410685474367
11.4,5506.999371083096
11.415,5439.458116133801
11.43,5367.5761132344105
11.445,5290.728338477407
11.459999999999999,5214.618377523513
11.475,5137.80468899287
11.49,5055.337644872398
11.504999999999999,4972.725068640468
11.52,4898.0505280253565
11.535,4813.820779808649
11.549999999999999,4728.48473070378
11.565,4644.218676951682
11.58,4560.856695799997
11.594999999999999,4471.186882495666
11.61,4385.472902742565
11.625,4300.492723720698
11.639999999999999,4209.573243448158
11.655,4119.412817812556
11.67,4030.9857209638476
11.684999999999999,3945.5323187731483
11.7,3853.5033254950827
11.715,3768.049057182883
11.73,3678.3340182070683
11.745,3590.8987290445634
11.76,3501.881255206426
11.775,3420.1213430334637
11.79,3328.395351423457
11.805,3243.874634757781
11.82,3159.009451101639
11.834999999999999,3073.3276143410485
11.85,2994.1733756424082
11.865,2910.0845597135167
11.879999999999999,2830.1745303667385
11.895,2749.099192652131
11.91,2674.088706386187
11.924999999999999,2596.4879923232784
11.94,2519.9239914659097
11.955,2445.3940339991887
11.969999999999999,2377.002840291604
11.985,2301.3671526241815
12.0,2233.027992130068
12.014999999999999,2165.690493450944
12.03,2095.2390336204617
12.045,2031.5676712044526
12.059999999999999,1969.2073279578694
12.075,1903.6326692455502
12.09,1843.3169682169232
12.105,1788.2016384409462
12.12,1725.2934779329937
12.135,1670.5185976413636
12.15,1618.8758547252603
12.165,1568.267592215982
12.18,1516.2800333742928
12.195,1469.2664559183854
12.209999999999999,1421.329575331918
12.225,1368.7206117961705
12.24,1327.8341163403331
12.254999999999999,1287.3466833035718
12.27,1246.848816254761
12.285,1206.2513275759873
12.299999999999999,1170.5984099183293
12.315,1136.6845300915506
12.33,1099.1398869294328
12.344999999999999,1066.4497900196798
12.36,1035.185900595346
12.375,1007.5576277049439
12.389999999999999,978.9937317258463
12.405,951.2623236645857
12.42,930.2007497090246
12.434999999999999,903.1672934442824
12.45,883.2044064184633
12.465,860.625744301956
12.48,836.9656765481496
12.495,819.037529969681
12.51,806.4649450414491
12.525,790.7622013114938
12.54,775.3857114666795
12.555,764.163721747926
12.57,751.143411110108
12.584999999999999,733.310675060563
12.6,728.8659605094291
12.615,719.8163915994994
12.629999999999999,712.2972331629934
12.645,709.3912714333719
12.66,704.1594453424773
12.674999999999999,699.9840995123063
12.69,693.9694326110667
12.705,693.3489130034202
12.719999999999999,690.2009576255195
12.735,691.6982059128487
12.75,694.4481242705164
12.764999999999999,694.9495914999973
12.78,698.1971761627578
12.795,702.0204291608239
12.809999999999999,704.9800930656195
12.825,711.3026020930093
12.84,716.5221935005059
12.854999999999999,728.2416789145996
12.87,732.9519095906016
12.885,745.3359378799036
12.9,750.4568327860882
12.915,763.0298896839992
12.93,774.472516431526
12.945,785.8475451156179
12.959999999999999,797.282325723789
12.975,810.3109218916685
12.99,822.3143673895879
13.004999999999999,836.3697803019032
13.02,850.7645405653926
13.035,864.8682094448482
13.049999999999999,884.490808551873
13.065,897.0768684498862
13.08,915.7734511873315
13.094999999999999,930.0968339561211
13.11,950.57772417741
13.125,969.3967775820921
13.139999999999999,992.9014800592576
13.155,1005.8622575149201
13.17,1024.8786446944666
13.184999999999999,1045.6717312563069
13.2,1068.0753690450201
13.215,1084.8957717416895
13.229999999999999,1103.7836550841064
13.245,1127.6249206875495
13.26,1151.0626038543614
13.275,1169.6468189146458
13.29,1192.5983448224645
13.305,1212.1841333905375
13.32,1234.5099433207897
13.334999999999999,1254.3504741906515
13.35,1280.6175535205616
13.365,1299.5794310639983
13.379999999999999,1323.6509596674496
13.395,1344.9811685622794
13.41,1365.3770035202485
13.424999999999999,1389.195195139586
13.44,1410.9797337794744
13.455,1429.1802394762892
13.469999999999999,1449.5173840363345
13.485,1474.3308219682247
13.5,1493.150002137088
13.514999999999999,1509.0671726203616
13.53,1530.4347993118618
13.545,1544.9511912013695
13.559999999999999,1564.3605742476516
13.575,1581.4321485590249
13.59,1599.5040271859627
13.604999999999999,1613.159625258624
13.62,1628.0748276630943
13.635,1640.1151113645578
13.65,1653.50726173563
13.665,1659.9888862049615
13.68,1671.440440982196
13.695,1671.8623724405516
13.709999999999999,1671.6095810258266
13.725,1674.5882088944709
13.74,1671.565560069684
13.754999999999999,1664.1295103534806
13.77,1655.6998083368355
13.785,1642.7570864678596
13.799999999999999,1627.832541033399
13.815,1608.4875993605988
13.83,1582.6412464500268
13.844999999999999,1558.3108777188475
13.86,1525.6882546685429
13.875,1491.3686385896494
13.889999999999999,1451.3213763010458
13.905,1410.2013452429997
13.92,1365.3918239687391
13.934999999999999,1317.725176239896
13.95,1266.2631403745847
13.965,1215.0301668832747
13.979999999999999,1163.1003520879217
13.995,1111.217335118304
14.01,1050.920881229717
14.025,996.1163088488843
14.04,942.1940719457455
14.055,889.5133370218459
14.07,833.0161053070256
14.084999999999999,782.8749074080641
14.1,734.6932562558741
14.115,691.4884252401603
14.129999999999999,645.4980768431617
14.145,606.3041761535562
14.16,564.1851436692709
14.174999999999999,526.4121495070196
14.19,500.73550669885833
14.205,470.076791441464
14.219999999999999,446.04639127181076
14.235,421.08684696216653
14.25,402.76816083594986
14.264999999999999,383.61495759663956
14.28,366.9185805721722
14.295,350.82519297424415
14.309999999999999,344.6969147837679
14.325,329.3394003240846
14.34,324.0314251217529
14.354999999999999,314.0453903817737
14.37,310.66213019325187
14.385,304.46933968357257
14.399999999999999,301.5228944402686
14.415,300.5316160772495
14.43,298.80524263416737
14.445,298.90987826132084
14.459999999999999,291.25683983524635
14.475,292.88178486530387
14.49,288.3967077534563
14.504999999999999,287.564602582966
14.52,292.1655900048742
14.535,291.12840378621894
14.549999999999999,293.36054810583636
14.565,292.0589120876315
14.58,290.55223295528174
14.594999999999999,296.21203536134794
14.61,292.4246292921346
14.625,295.0438011962358
14.639999999999999,294.17442748902187
14.655,296.1197097113683
14.67,294.60007930457004
14.684999999999999,292.9512205949554
14.7,297.5661753045111
14.715,300.80870973069386
14.729999999999999,295.544783844119
14.745,296.74953310138665
14.76,296.0750126984809
14.774999999999999,298.93896439256434
14.79,294.83082064770485
14.805,299.88496281493497
14.82,301.0997241015075
14.834999999999999,301.1677953045237
14.85,301.03241603212234
14.865,301.39038421716316
14.879999999999999,300.5435709084534
14.895,303.7901558333878
14.91,302.87098887599086
14.924999999999999,302.0608162524639
14.94,304.2609951760446
14.955,308.01405300787997
14.969999999999999,307.06705704992663
14.985,306.04249115776855
15.0,307.5229883349624
15.014999999999999,305.01340430941394
15.03,306.14317939057185
15.045,308.86393624691897
15.059999999999999,307.28042788532593
15.075,313.7335555460408
15.09,308.9117234509806
15.104999999999999,311.6672536805527
15.12,313.5937623376317
15.135,311.65587366268727
15.149999999999999,313.79783411267385
15.165,311.23408512160347
15.18,316.4172412851037
15.195,313.6786675621142
15.209999999999999,314.9263747378376
15.225,313.49449606831615
15.24,315.8864092370477
15.254999999999999,315.1275814580355
15.27,316.8975632637888
15.285,317.93224566222113
15.299999999999999,313.6193155783622
15.315,315.11226943767554
15.33,317.60811085134344
15.344999999999999,320.0270039445519
15.36,320.7658211130892
15.375,318.9375484922354
15.389999999999999,319.0428047999857
15.405,317.22565673625195
15.42,319.90389732741113
15.434999999999999,319.7738874294514
15.45,322.16716808553707
15.465,320.82856543902466
15.479999999999999,320.5201929340217
15.495,322.1733857649555
15.51,318.07965143670293
15.524999999999999,324.1509246070144
15.54,323.5550673656899
15.555,323.50466036756814
15.57,323.09104906265657
15.584999999999999,323.84027590225156
15.6,324.62789613523853
15.615,323.4580619883867
15.629999999999999,323.4420019551659
15.645,323.9131757284016
15.66,324.467899318117
15.674999999999999,321.40318389703395
15.69,328.2670772357176
15.705,323.29139243587616
15.719999999999999,328.3420203453735
15.735,326.9131457360626
15.75,327.34666969349917
15.764999999999999,325.3017705611655
15.78,319.37153013623055
15.795,328.885259732126
15.809999999999999,325.0705795508484
15.825,327.04925680600866
15.84,328.73984286423
15.854999999999999,326.8813320056493
15.87,328.81092611180645
15.885,328.1931156121544
15.899999999999999,327.4099485149603
15.915,331.04515791351616
15.93,326.44223413485906
15.945,326.3750708425012
15.959999999999999,326.8375975648463
15.975,326.01475807980114
15.99,322.757080566187
16.005,327.28946471828897
16.02,325.1354765269915
16.035,326.7580777855117
16.05,324.7376239701818
16.064999999999998,328.86942426812
16.08,326.1545140681694
16.095,330.649611244118
16.11,327.74371504080216
16.125,326.0456822506045
16.14,327.27489539161525
16.155,324.3752528019117
16.169999999999998,328.6352931004401
16.185,331.88530421980636
16.2,329.2213250547527
16.215,326.4056068327629
16.23,322.12346675628794
16.245,325.9080717167819
16.259999999999998,325.08542424849
16.275,326.70523004088454
16.29,324.5076834161261
16.305,326.3562654485083
16.32,327.06459317861356
16.335,322.01213440311585
16.349999999999998,326.43058870331345
16.365,323.19249113478816
16.38,326.08123189817815
16.395,326.97361149386757
16.41,324.00170827793437
16.425,325.29552409704957
16.439999999999998,325.66957890633387
16.455,326.4116051788182
16.47,323.6254833233534
16.485,321.668655144277
16.5,324.6026113505717
16.515,325.15810402711156
16.53,323.31724898490484
16.544999999999998,323.242616538314
16.56,321.41895915138247
16.575,322.5997100123466
16.59,325.7659187983162
16.605,320.9133694715638
16.62,322.8033746876889
16.634999999999998,320.8703171734537
16.65,322.97136831934506
16.665,321.2609730238577
16.68,322.3734230474913
16.695,319.8352301933386
16.71,318.62935614395184
16.724999999999998,322.39623675985524
16.74,322.04810620834974
16.755,324.16656719880234
16.77,321.2226114173237
16.785,320.95343228617185
16.8,322.9442111375565
16.814999999999998,321.1683280646405
16.83,320.9023976440694
16.845,317.58443278931827
16.86,322.3081689616305
16.875,323.11974606303306
16.89,318.6775200043614
16.905,321.77536083086466
16.919999999999998,321.0052065115507
16.935,316.6918658666875
16.95,323.5923244607353
16.965,318.2328292859611
16.98,317.9002701169543
16.995,320.3522232128579
17.009999999999998,318.8525332489463
17.025,316.61760417887876
17.04,319.30276056179645
17.055,321.78088649749907
17.07,321.3465848043715
17.085,321.0769026209132
17.099999999999998,320.08176499721276
17.115,318.75130490397464
17.13,317.26718575658094
17.145,319.5683493079398
17.16,318.83926485132105
17.175,316.7317622955179
17.189999999999998,318.2424493027703
17.205,320.8176809175849
17.22,317.2699812148858
17.235,318.3275047123333
17.25,321.39624580687445
17.265,316.92244567038847
17.28,315.65955009186587
17.294999999999998,318.3686583723986
17.31,316.85859154608943
17.325,317.83746127895836
17.34,318.4662656363091
17.355,314.38460222107483
17.37,317.4964392098756
17.384999999999998,315.19246172231874
17.4,317.43384789645967
17.415,317.105975427246
17.43,316.12536411049865
17.445,319.8909313788174
17.46,320.18475458530907
17.474999999999998,318.8496923584101
17.49,316.85526422573884
17.505,316.997972229165
17.52,319.76198832309467
17.535,316.1525535654466
17.55,318.2305897326615
17.564999999999998,319.9541419933142
17.58,318.9242546957203
17.595,318.07223105778746
17.61,316.0210348379218
17.625,314.43166129628287
17.64,317.31160653781615
17.654999999999998,316.2345982749457
17.669999999999998,319.1105934885265
17.685,318.4312607788675
17.7,315.8344045200569
17.715,318.07778377183877
17.73,314.6399306927738
17.745,311.4213226881319
17.759999999999998,312.7371450544748
17.775,317.5179875184893
17.79,316.0975003913444
17.805,315.93415618161526
17.82,316.816627810202
17.835,317.34375586273916
17.849999999999998,315.09391191228053
17.865,319.748157517103
17.88,320.7292159539067
17.895,319.8822974632377
17.91,317.3041296748463
17.925,314.78690479571713
17.939999999999998,316.27976636656126
17.955,314.61316739864617
17.97,316.43666989300914
17.985,320.0295315377021
18.0,318.5673952989525
18.015,318.6368945374167
18.029999999999998,317.9598176673659
18.044999999999998,320.8581300724803
18.06,315.8409640809547
18.075,320.8035149676509
18.09,320.1498152899145
18.105,316.9177029189116
18.12,320.98727229388993
18.134999999999998,322.05063111981855
18.15,321.6206301277018
18.165,323.7293343590633
18.18,323.7930979140388
18.195,323.8558345811804
18.21,324.5135145222533
18.224999999999998,324.48566798223857
18.24,326.8929497312894
18.255,324.4950015381278
18.27,322.8375092026075
18.285,326.1115169503571
18.3,326.2015604733599
18.314999999999998,328.3642586707882
18.33,325.30078130297846
18.345,326.8777830854823
18.36,328.75311495600226
18.375,332.0929104035386
18.39,331.1095866022607
18.404999999999998,332.5946637425992
18.419999999999998,330.33378599995615
18.435,331.6283214346635
18.45,334.61433915895
18.465,329.88601854704024
18.48,333.92376084916555
18.495,334.39504190529163
18.509999999999998,338.54184943866346
18.525,331.1784592481263
18.54,337.82090208596816
18.555,340.2783053050348
18.57,340.8621590257928
18.585,340.63295101235013
18.599999999999998,334.96266115891297
18.615,338.99486043388345
18.63,340.15389316357175
18.645,340.47543063628973
18.66,344.24080355222276
18.675,341.19114874068106
18.689999999999998,343.18030675344943
18.705,343.5063751150129
18.72,340.5093413751949
18.735,342.41639108566716
18.75,344.90217030902056
18.765,344.3259232265853
18.779999999999998,343.7293358944755
18.794999999999998,346.990261813496
18.81,347.4873407814496
18.825,345.076185792013
18.84,347.166327518193
18.855,343.47013470696993
18.87,347.2240430648802
18.884999999999998,348.16088517457206
18.9,347.3727045595166
18.915,350.4897945509159
18.93,341.4261148199646
18.945,344.1401844696617
18.96,347.291639231211
18.974999999999998,344.78093955539254
18.99,347.67629069778263
19.005,347.5632863047466
19.02,345.7013153588865
19.035,347.465910853647
19.05,346.3787888698231
19.064999999999998,345.8594305421489
19.08,343.57751674366466
19.095,345.4675061859341
19.11,345.13976914150214
19.125,345.76213899898437
19.14,339.83943637074515
19.154999999999998,341.5063413193785
19.169999999999998,344.2387667391398
19.185,344.91262363668113
19.2,341.7913884747725
19.215,340.6866196007634
19.23,340.9801006637177
19.245,341.4253882341869
19.259999999999998,341.6152109783299
19.275,342.53394603339973
19.29,341.01633496096485
19.305,340.5504832338111
19.32,338.4286335762647
19.335,339.0008258202076
19.349999999999998,337.8433327225568
19.365,338.617522530549
19.38,338.2793523938965
19.395,340.7958726634537
19.41,338.580767463884
19.425,341.7468785577083
19.439999999999998,340.41708433664166
19.455,335.6515721687414
19.47,337.9754700819778
19.485,342.61506006501986
19.5,340.2815375432888
19.515,337.28856011629296
19.529999999999998,342.0100940398771
19.544999999999998,340.0518225216689
19.56,337.437659708547
19.575,340.4794748358932
19.59,340.46438785324625
19.605,340.3026525822746
19.62,336.6106915147218
19.634999999999998,341.2023816213289
19.65,339.32751544214057
19.665,338.74493767972143
19.68,337.6981257338715
19.695,337.6638759002306
19.71,341.2488679478705
19.724999999999998,336.33709034293224
19.74,339.37762677657713
19.755,338.63556070883044
19.77,335.6346940718969
19.785,340.83248330759227
19.8,336.98014541101077
19.814999999999998,339.68256792241647
19.83,345.3982199787962
19.845,337.8616977723592
19.86,337.5359793057187
19.875,339.9582180345939
19.89,340.6816319976045
19.904999999999998,339.62854863890374
19.919999999999998,337.2229838893533
19.935,337.8761557194586
19.95,338.98346976566415
19.965,338.6873856929435
19.98,338.3320783036643
19.995,333.8396022039751
20.009999999999998,337.23036112744137
20.025,343.2523640153803
20.04,336.5931310843645
20.055,339.08959312113865
20.07,340.9298940707903
20.085,335.59279316231783
20.099999999999998,336.70500014147683
20.115,337.6955455775774
20.13,335.7115692732613
20.145,335.2289032685693
20.16,337.4091723303277
20.175,335.8781779478154
20.189999999999998,338.02612597565115
20.205,333.5995942839768
20.22,336.94862609040206
20.235,337.74911189586703
20.25,334.79347450171986
20.265,334.7312209904949
20.279999999999998,334.0548867391079
20.294999999999998,333.168765791359
20.31,334.96932864876135
20.325,335.6594627801769
20.34,334.7861881296044
20.355,334.34903779266847
20.37,331.5076533915726
20.384999999999998,333.20934160106293
20.4,334.2487967994982
20.415,331.7946072569789
20.43,333.7630587291196
20.445,333.73661398098795
20.46,332.8958846764601
20.474999999999998,329.13225926275754
20.49,335.45950510546703
20.505,333.67546002471386
20.52,332.49930204530517
20.535,333.8498078246114
20.55,328.12747011867657
20.564999999999998,330.4734972246928
20.58,331.529563426986
20.595,331.87499057068084
20.61,330.70639894385965
20.625,330.40790539853435
20.64,330.1446672039455
20.654999999999998,331.6679034460374
20.669999999999998,331.07761847899815
20.685,328.4438221584285
20.7,327.12416732300653
20.715,329.6069028923472
20.73,334.30093465218124
20.745,330.78752480428795
20.759999999999998,330.48767565487464
20.775,330.1743352937106
20.79,328.5639919418529
20.805,326.8265616612292
20.82,330.14422882727104
20.835,328.1462531838302
20.849999999999998,325.194914696881
20.865,329.23958583243245
20.88,332.0579929495258
20.895,330.22727104613534
20.91,326.7907729893243
20.925,324.37606765431167
20.939999999999998,328.81454821928946
20.955,330.1017885323717
20.97,329.019742454939
20.985,328.35489792647326
21.0,328.2654607934257
21.015,329.3701118670023
21.029999999999998,325.37215446899916
21.044999999999998,323.85758186258016
21.06,327.7907087619702
21.075,330.6142547192429
21.09,329.9370735066424
21.105,324.7902880118013
21.119999999999997,331.14129445446736
21.134999999999998,329.1856115200853
21.15,327.94797842919866
21.165,327.90749469022956
21.18,329.12725414753186
21.195,326.55780683645537
21.21,324.9365449985788
21.224999999999998,328.3253847685571
21.24,327.49606119217185
21.255,327.6873371028872
21.27,327.37932231529567
21.285,328.64139812619186
21.3,327.7598995082046
21.314999999999998,326.6730119567587
21.33,328.6233979691053
21.345,327.4442275967308
21.36,328.22840354609207
21.375,325.35792698589114
21.39,327.0489911273437
21.404999999999998,329.9137470253528
21.419999999999998,325.5646910117624
21.435,326.2045022540526
21.45,329.57379044895765
21.465,326.5175590403836
21.48,328.15500869302014
21.494999999999997,325.84036081496845
21.509999999999998,324.09321975197633
21.525,325.0185243164485
21.54,322.7345778350092
21.555,325.4191660436719
21.57,321.59411150539944
21.585,326.13336066433646
21.599999999999998,329.2446895309437
21.615,326.3432327350946
21.63,323.92283542792427
21.645,327.87699392062007
21.66,325.38247639861595
21.675,324.45791116634064
21.689999999999998,323.8162267521809
21.705,321.4994083275552
21.72,323.20420789478317
21.735,326.1771111024393
21.75,327.7722871673254
21.765,327.1135128081087
21.779999999999998,323.7131436192991
21.794999999999998,324.30052362280423
21.81,326.19220337826596
21.825,324.910260260516
21.84,324.3943732479743
21.855,323.3667804572024
21.869999999999997,322.57586989734256
21.884999999999998,324.80037290482187
21.9,325.83094032282565
21.915,324.6590098514972
21.93,324.82500385745243
21.945,324.59371967783136
21.96,322.7672613755003
21.974999999999998,323.2153418728558
21.99,326.3579309229532
22.005,323.92326322429716
22.02,322.75074503468
22.035,326.7844384527912
22.05,325.99217567883056
22.064999999999998,324.21839841098534
22.08,324.27474625994955
22.095,323.24809832754374
22.11,324.21541847990727
22.125,321.8246375125334
22.14,323.69943451295205
22.154999999999998,322.787636939506
22.169999999999998,325.18385955938834
22.185,321.5895483701449
22.2,324.065759064624
22.215,322.0983916566295
22.23,325.99232611967955
22.244999999999997,323.7987164064082
22.259999999999998,320.57371769631175
22.275,323.4178722355145
22.29,323.92214675082084
22.305,321.2151946989655
22.32,325.59428428208236
22.335,321.87408213447816
22.349999999999998,323.5665890838209
22.365,327.96323901222206
22.38,322.66803835593856
22.395,326.4482209621288
22.41,323.0003109543711
22.425,328.13884823265255
22.439999999999998,322.81312147853475
22.455,322.60556308911623
22.47,323.0481310103235
22.485,323.5846795636188
22.5,325.9388231350009
22.515,323.14936692983946
22.529999999999998,326.78272346612727
22.544999999999998,328.54315279051025
22.56,327.1876039580603
22.575,325.89867696194204
22.59,328.75837024812154
22.605,329.6325838537943
22.619999999999997,329.54182356806774
22.634999999999998,332.281638563509
22.65,333.766064858648
22.665,336.8254888741641
22.68,333.1944590783057
22.695,337.33208595965687
22.71,339.2634944806895
22.724999999999998,340.71123237456663
22.74,339.8003940031678
22.755,343.8566582958032
22.77,341.8499840027294
22.785,347.50931553648445
22.8,346.7184013403444
22.814999999999998,349.1530825376723
22.83,351.14016830619084
22.845,349.40285248164344
22.86,357.0229485735164
22.875,358.0246763773747
22.89,358.3429262114134
22.904999999999998,359.3249599835889
22.919999999999998,359.98182055864993
22.935,362.6453168618284
22.95,366.0004950316514
22.965,367.21004493494314
22.98,370.0703201702767
22.994999999999997,372.1281875811241
23.009999999999998,371.65690147883726
23.025,371.4242532686536
23.04,375.4502105814139
23.055,376.0171229244389
23.07,372.81992347158894
23.085,376.7953260801261
23.099999999999998,377.8026442053065
23.115,376.38069880683963
23.13,377.3973444196849
23.145,376.8702025355368
23.16,378.86888361365186
23.175,375.221164925457
23.189999999999998,376.8444490354014
23.205,376.58408141254563
23.22,373.0086101588238
23.235,379.1931892430926
23.25,379.12281845569595
23.265,379.9232104462145
23.279999999999998,376.08181433756556
23.294999999999998,376.1073139117508
23.31,380.0331740504001
23.325,378.9273385754206
23.34,379.23021960722656
23.355,379.5864865995415
23.369999999999997,380.12725675679195
23.384999999999998,386.2177774248719
23.4,387.0108140799305
23.415,393.3707692753894
23.43,391.90867774850693
23.445,391.745981638178
23.46,400.12646440800205
23.474999999999998,401.6604285263626
23.49,408.92075652569866
23.505,409.7028164019387
23.52,416.4513824959726
23.535,422.00475857904235
23.55,425.4435959493969
23.564999999999998,432.9669134837425
23.58,439.3223874396821
23.595,454.7519904727264
23.61,453.8246711289755
23.625,461.7530549577244
23.64,474.15082755026265
23.654999999999998,480.7644122614385
23.669999999999998,491.2047831520556
23.685,506.0162921401742
23.7,512.5405280568377
23.715,523.6435351966971
23.73,536.9739442091086
23.744999999999997,549.6736187299686
23.759999999999998,564.9231066644539
23.775,576.8831040399193
23.79,589.5928353422205
23.805,604.7694391121584
23.82,620.0399878528287
23.835,633.4583726112764
23.849999999999998,653.4366458454007
23.865,665.4197116283252
23.88,683.1261458811074
23.895,697.6512048771401
23.91,713.1582606420384
23.925,729.2724132144682
23.939999999999998,748.0466540134752
23.955,762.8279677700839
23.97,779.1049927014828
23.985,795.1359032274972
24.0,814.3911068001755
24.015,830.4786106122267
24.029999999999998,847.1963744851996
24.044999999999998,861.623747259634
24.06,879.6273591222714
24.075,895.1925876778739
24.09,912.5305557399602
24.105,928.576046160011
24.119999999999997,943.2266809084839
24.134999999999998,955.5377762814985
24.15,971.2568143561032
24.165,989.5467135277265
24.18,1001.0972234436126
24.195,1013.0644829819021
24.21,1024.9179781433622
24.224999999999998,1042.0006954239889
24.24,1056.021985836335
24.255,1066.9664266810528
24.27,1082.40687410438
24.285,1086.7998596031257
24.3,1101.7636454910692
24.314999999999998,1108.2032611459433
24.33,1117.3406202222081
24.345,1126.4557720644495
24.36,1135.144235059095
24.375,1141.6609204141894
24.39,1149.9816817881401
24.404999999999998,1156.3584798945049
24.419999999999998,1165.5660828428265
24.435,1169.4795298255613
24.45,1175.3074205565974
24.465,1176.9833919102703
24.48,1185.3893547528326
24.494999999999997,1188.665601629738
24.509999999999998,1194.273824186399
24.525,1193.9442877641866
24.54,1195.007567561521
24.555,1200.8265908450103
24.57,1204.0744167395803
24.585,1203.2482022165877
24.599999999999998,1206.9756500329852
24.615,1202.8828001386862
24.63,1207.0135696477355
24.645,1204.1067195200067
24.66,1208.2393083753946
24.675,1204.3285831008084
24.689999999999998,1208.3634966790669
24.705,1202.8650228850743
24.72,1204.2524235784297
24.735,1203.6107008923345
24.75,1200.4052260345509
24.765,1202.8703253735982
24.779999999999998,1200.5290037656823
24.794999999999998,1195.587129254445
24.81,1197.2892837141285
24.825,1194.3689480374642
24.84,1188.6101821267137
24.855,1192.4799446246225
24.869999999999997,1187.4599007060856
24.884999999999998,1183.9425909670294
24.9,1177.216482661203
24.915,1181.389910311297
24.93,1177.762094479066
24.945,1172.1469348169892
24.96,1171.5908321769116
24.974999999999998,1166.0839879078203
24.99,1162.5455208943795
25.005,1161.0503305649459
25.02,1153.6014137281636
25.035,1155.456370783181
25.05,1149.092629694549
25.064999999999998,1148.0750647697143
25.08,1144.937369649885
25.095,1139.4036152502842
25.11,1132.5727356358557
25.125,1132.198962117458
25.14,1129.2589993414947
25.154999999999998,1126.8942821666428
25.169999999999998,1118.0348429925334
25.185,1118.0813358099238
25.2,1114.719190649918
25.215,1106.1814238268012
25.23,1110.8305140856228
25.244999999999997,1103.7820937962933
25.259999999999998,1099.2094368607188
25.275,1094.0036622185282
25.29,1090.9646293881183
25.305,1088.0761176019178
25.32,1084.3550646337826
25.334999999999997,1082.5015934013225
25.349999999999998,1072.8070582497983
25.365,1072.4372060807746
25.38,1068.3503920872777
25.395,1061.866060695279
25.41,1065.8337226072022
25.425,1054.026633278268
25.439999999999998,1052.677347766305
25.455,1049.3216899946146
25.47,1049.4684759692925
25.485,1038.6581842693754
25.5,1039.1001372583992
25.515,1033.8770333850212
25.529999999999998,1033.8094183186868
25.544999999999998,1028.1017968280796
25.56,1031.3012389417506
25.575,1023.8041167810011
25.59,1016.2753268243117
25.605,1011.8228209161416
25.619999999999997,1013.3485457767774
25.634999999999998,1011.4088042640217
25.65,1007.1333299194831
25.665,1002.6799924183715
25.68,1003.5440761070936
25.695,998.9972906542943
25.709999999999997,993.4775517454066
25.724999999999998,990.5157156551986
25.74,990.0135542988658
25.755,985.6163777854051
25.77,980.7402741094234
25.785,981.9705912557796
25.8,978.455189804299
25.814999999999998,980.1210421792351
25.83,976.8039706260134
25.845,978.9465692680928
25.86,975.8675065596108
25.875,974.0192332110026
25.89,971.5198446633356
25.904999999999998,966.3484344845782
25.919999999999998,969.7862786032074
25.935,966.2095229347665
25.95,967.791016855251
25.965,967.442042380246
25.98,968.2801735581638
25.994999999999997,965.4945343397812
26.009999999999998,965.6887024382879
26.025,967.2480857743273
26.04,968.052690256647
26.055,970.6276126150858
26.07,973.8223396309426
26.084999999999997,973.8749660877629
26.099999999999998,976.6021023638082
26.115,980.4619870793119
26.13,977.3417729788359
26.145,987.5590310042153
26.16,985.5896048141135
26.175,991.6559197894031
26.189999999999998,997.4251739035952
26.205,1000.9366214758863
26.22,1001.3268054461944
26.235,1012.9098414208427
26.25,1011.9100108001142
26.265,1024.3128687003173
26.279999999999998,1029.9865726155558
26.294999999999998,1037.1652050559635
26.31,1045.963435575844
26.325,1053.8547204797383
26.34,1064.4753042437108
26.355,1073.473359815305
26.369999999999997,1080.381866235411
26.384999999999998,1093.10787813453
26.4,1099.6724535133628
26.415,1113.497565440388
26.43,1126.256744038937
26.445,1140.0472938820994
26.459999999999997,1151.0117182281185
26.474999999999998,1163.1021291564543
26.49,1179.6945498071807
26.505,1197.3274508460952
26.52,1213.4034208971975
26.535,1230.828140857794
26.55,1249.436122333013
26.564999999999998,1264.8232442353378
26.58,1285.255005955743
26.595,1305.953576956577
26.61,1331.0786443964016
26.625,1349.6917865400742
26.64,1370.6701929100245
26.654999999999998,1392.017158638693
26.669999999999998,1419.2126942768134
26.685,1443.114132814772
26.7,1470.694483863046
26.715,1493.5505522244907
26.73,1520.5661747922024
26.744999999999997,1551.8064684757996
26.759999999999998,1582.3410316551435
26.775,1612.642896898291
26.79,1643.7831444246106
26.805,1672.9507909447666
26.82,1706.038206242655
26.834999999999997,1739.154734254658
26.849999999999998,1771.4643240742332
26.865,1811.7794448699694
26.88,1847.3560750886727
26.895,1877.8815632399526
26.91,1917.6189269919548
26.925,1963.9129682898706
26.939999999999998,2002.263842406104
26.955,2041.332562851494
26.97,2079.403965283375
26.985,2122.1608048232824
27.0,2163.0881017343954
27.015,2207.9978568504525
27.029999999999998,2249.7454648636435
27.044999999999998,2300.0610275011886
27.06,2343.4802125488277
27.075,2389.8007800743435
27.09,2437.0321123237163
27.105,2481.6518256322356
27.119999999999997,2529.853029655836
27.134999999999998,2584.631589495227
27.15,2631.5665767448527
27.165,2676.4936761122012
27.18,2724.6385056158892
27.195,2775.2265551843425
27.209999999999997,2828.8532580444526
27.224999999999998,2881.5485060800925
27.24,2933.792041914168
27.255,2984.7971188986685
27.27,3031.513293912453
27.285,3086.3832392184404
27.3,3138.5113293905656
27.314999999999998,3190.0323584720536
27.33,3240.439308723036
27.345,3293.638383999541
27.36,3345.1217813545477
27.375,3391.093600651216
27.39,3440.347608735216
27.404999999999998,3491.2088992297554
27.419999999999998,3538.6928958689987
27.435,3589.3774051310556
27.45,3637.3592352634387
27.465,3681.869398879694
27.48,3725.0271144990743
27.494999999999997,3768.656195956309
27.509999999999998,3804.2842301089336
27.525,3847.009217842703
27.54,3884.578907738421
27.555,3914.582029473286
27.57,3943.818127549125
27.584999999999997,3974.4811896783567
27.599999999999998,3996.5792590450214
27.615,4017.808900932944
27.63,4033.260619486141
27.645,4045.637654194165
27.66,4052.3561268247145
27.675,4059.368079301532
27.689999999999998,4053.3966570136504
27.705,4044.2708310085195
27.72,4025.0723657050735
27.735,4005.7941803192143
27.75,3979.7692273155067
27.765,3948.2733192999112
27.779999999999998,3907.530908476209
27.794999999999998,3860.1076964996537
27.81,3804.3930009009055
27.825,3741.956284723553
27.84,3673.1375489067127
27.855,3602.350349796447
27.869999999999997,3519.655256339695
27.884999999999998,3437.42221618862
27.9,3341.509445141507
27.915,3247.172942543197
27.93,3142.4214635273242
27.945,3040.27041671086
27.959999999999997,2925.8638923693647
27.974999999999998,2809.526812943901
27.99,2697.8699359629527
28.005,2583.7393210577557
28.02,2464.828035941161
28.035,2347.4234638667303
28.05,2228.521199229038
28.064999999999998,2112.3468437967285
28.08,2000.2338975994066
28.095,1887.144054594553
28.11,1775.3288278711714
28.125,1670.936161014331
28.14,1566.1436609474936
28.154999999999998,1471.6563669057907
28.169999999999998,1374.9661750658793
28.185,1289.5661753422357
28.2,1198.6854613923133
28.215,1122.9572727091397
28.23,1049.5336013465471
28.244999999999997,981.0209152689126
28.259999999999998,918.2238875403381
28.275,860.5423375110294
28.29,801.7003083390746
28.305,754.4826052993278
28.32,711.2174244652062
28.334999999999997,670.778586029089
28.349999999999998,635.9798707454715
28.365,602.3525584968161
28.38,573.1561633504741
28.395,545.8940663327116
28.41,525.052127324231
28.425,504.51815839235627
28.439999999999998,488.7872216940913
28.455,473.70925189027514
28.47,458.59561761294435
28.485,449.29114958572103
28.5,437.92602755212476
28.515,431.4028747161051
28.529999999999998,422.6922712749958
28.544999999999998,412.1020618442961
28.56,410.2054091148482
28.575,403.9135674823815
28.59,401.9936304911057
28.605,391.6311858420815
28.619999999999997,389.86089770767023
28.634999999999998,391.34504166322336
28.65,388.1883735906695
28.665,388.24356099213475
28.68,383.28847881125625
28.695,380.82882551108185
28.709999999999997,381.44318939076584
28.724999999999998,376.23926224561
28.74,376.0475233591891
28.755,375.55489179290305
28.77,373.2280586581427
28.785,371.9779370804893
28.799999999999997,372.82071732326017
28.814999999999998,370.8693417299665
28.83,373.2853780871152
28.845,368.68520179162334
28.86,369.0580045677292
28.875,366.597513017211
28.89,364.4089807151674
28.904999999999998,364.440059216267
28.919999999999998,364.8757831934651
28.935,360.78495196654404
28.95,361.9598821621785
28.965,365.9715791449035
28.98,365.8401078558877
28.994999999999997,361.9351601816767
29.009999999999998,361.4909769833771
29.025,361.69644740208054
29.04,360.10337422987493
29.055,360.14245261060995
29.07,360.83362794182875
29.084999999999997,361.18709498256106
29.099999999999998,361.66839520209123
29.115,359.9446815294914
29.13,364.1819621691107
29.145,361.95633823337806
29.16,365.6864717064236
29.174999999999997,364.92376642500346
29.189999999999998,367.2406857007242
29.205,368.36829946498426
29.22,373.25668113555054
29.235,379.8607647879368
29.25,380.7283470701542
29.265,380.72464143544073
29.279999999999998,383.16161536288587
29.294999999999998,386.98942529920475
29.31,391.5046373278602
29.325,396.1108262476168
29.34,401.1639715812758
29.355,403.57369519680856
29.369999999999997,406.88474086404534
29.384999999999998,408.1437715064121
29.4,410.6293005770905
29.415,410.8925868430981
29.43,412.93854070779287
29.445,413.8278804693624
29.459999999999997,411.8364982609414
29.474999999999998,412.7913502639516
29.49,415.50094129872133
29.505,410.39913449819323
29.52,406.68702267706936
29.535,407.0359594519009
29.549999999999997,402.2808814065817
29.564999999999998,398.0461692250216
29.58,395.8544150764467
29.595,391.9128904523048
29.61,384.69928568173975
29.625,381.79664888887874
29.64,375.1317068496005
29.654999999999998,377.3613208365216
29.669999999999998,367.6694268116831
29.685,366.99285551966244
29.7,359.2980828842294
29.715,356.73418852754116
29.73,353.9695859749748
29.744999999999997,353.5984493925589
29.759999999999998,352.017949878325
29.775,346.6394624793249
29.79,348.0209667081293
29.805,340.7635142173216
29.82,339.5443207653582
29.834999999999997,340.4164483112499
29.849999999999998,341.58961762408694
29.865,335.17917551034895
29.88,340.70721846510503
29.895,334.40757499067536
29.91,334.8982676622335
29.924999999999997,334.2392484244359
29.939999999999998,332.3099351033884
29.955,334.20890859470177
29.97,332.17473298635355
29.985,330.6935815201404
30.0,332.2089781264923
30.015,331.5200437904798
30.029999999999998,331.80372136598487
30.044999999999998,329.81935150479114
30.06,327.29085110548573
30.075,332.10636699936515
30.09,329.32166424704633
30.105,326.3796583077768
30.119999999999997,329.54177790204716
30.134999999999998,324.1336890653781
30.15,326.8928946145432
30.165,325.3002627286187
30.18,328.66305040046984
30.195,323.37537454188305
30.209999999999997,322.9541939059876
30.224999999999998,321.1079341194429
30.24,323.2194376660076
30.255,323.51321617841256
30.27,324.67894088193714
30.285,319.0660428106937
30.299999999999997,316.6474259368538
30.314999999999998,318.7790403697104
30.33,322.8040508501091
30.345,322.0494056610547
30.36,317.1107143522588
30.375,319.3394500347547
30.39,317.38170293667343
30.404999999999998,320.41887622084784
30.419999999999998,316.332032300279
30.435,316.73619555632064
30.45,314.5301209362988
30.465,317.83343855083194
30.48,314.1605458693336
30.494999999999997,315.54296025416716
30.509999999999998,312.1039309925703
30.525,315.74040130583455
30.54,317.8549962519473
30.555,311.1120665740784
30.57,310.87787397942833
30.584999999999997,311.07489197200124
30.599999999999998,309.2616450696048
30.615,312.1008301042805
30.63,310.6319163615923
30.645,308.9600546855951
30.66,310.1235022309954
30.674999999999997,309.1583556412926
30.689999999999998,309.15990019957746
30.705,311.1708580512145
30.72,313.2768655891132
30.735,307.95851880742646
30.75,305.9087404696737
30.765,309.76413914514455
30.779999999999998,309.8590848803174
30.794999999999998,305.7967008746177
30.81,306.04722029259904
30.825,305.2394201885576
30.84,307.78730132026186
30.855,310.3665225011745
30.869999999999997,307.37117233396987
30.884999999999998,306.7917435396688
30.9,306.83482064719533
30.915,305.8030456676538
30.93,302.1970640621597
30.945,306.4388877503702
30.959999999999997,301.1195987325895
30.974999999999998,306.42893356873014
30.99,306.082742147314
31.005,306.06914413138395
31.02,306.0997065702186
31.035,304.4083332790444
31.049999999999997,307.8376211637292
31.064999999999998,303.9795573700243
31.08,306.12865780070064
31.095,297.2933890241678
31.11,301.3141814306471
31.125,306.16015201297023
31.14,300.5266629781926
31.154999999999998,301.7191606838485
31.169999999999998,305.07570934677585
31.185,306.5370041710995
31.2,304.84539268177383
31.215,307.24021364732926
31.23,303.5074766912037
31.244999999999997,304.63256382815223
31.259999999999998,302.0195141526285
31.275,303.45271174874836
31.29,303.0277618869145
31.305,304.71901621921995
31.32,304.70930505050956
31.334999999999997,301.4903805032371
31.349999999999998,301.11245686714716
31.365,302.8220920625977
31.38,298.92646948888006
31.395,300.6898179816792
31.41,300.2101299971337
31.424999999999997,301.07355535888416
31.439999999999998,301.95371922819436
31.455,302.67966393977497
31.47,305.1243774242399
31.485,301.238940725164
31.5,298.14439785273436
31.515,300.8471914695145
31.529999999999998,301.70289961849494
31.544999999999998,302.7967808999615
31.56,303.8386867652347
31.575,297.2134987964488
31.59,303.5293106189082
31.605,298.62185830138685
31.619999999999997,300.1419694026778
31.634999999999998,302.8597709503765
31.65,300.65225531878195
31.665,302.6637737437418
31.68,305.0793565641441
31.695,297.57900236707366
31.709999999999997,304.8935835354024
31.724999999999998,301.63994750009556
31.74,300.0367001768892
31.755,305.3826915702085
31.77,299.4716997531374
31.785,299.3898088585812
31.799999999999997,300.7496519813574
31.814999999999998,299.2808537041995
31.83,301.7927655132471
31.845,300.5448802534483
31.86,300.6364874004745
31.875,301.09395594317755
31.89,300.2795920290468
31.904999999999998,301.58820487902364
31.919999999999998,298.6652384657234
31.935,299.20512699390804
31.95,299.5346273963776
31.965,299.7496718806184
31.98,299.15350474944046
31.994999999999997,301.3264055004055
32.01,297.3397011128152
32.025,297.60594260628864
32.04,298.6072449882975
32.055,302.3508588585064
32.07,299.98551161147265
32.085,305.5740754840462
32.1,299.66027720809427
32.115,301.71200265755067
32.129999999999995,300.49074887335837
32.144999999999996,297.7332202752894
32.16,300.6288083281896
32.175,301.93807746025425
32.19,298.9806076343324
32.205,298.76475236976023
32.22,299.1524320948141
32.235,300.07206532576396
32.25,296.47059926720414
32.265,301.5258583474487
32.28,296.68946993661143
32.295,296.7384816655418
32.31,301.09456464899176
32.324999999999996,299.00212488104523
32.339999999999996,299.4082738265231
32.355,299.169057412059
32.37,299.82950166153546
32.385,300.14608147698476
32.4,298.8461451108557
32.415,302.505822643235
32.43,301.55204416640356
32.445,302.032254965819
32.46,301.7774399678242
32.475,298.5470531267015
32.49,302.1309886757398
32.504999999999995,295.0467047202154
32.519999999999996,300.0544097315897
32.535,300.935183409007
32.55,298.86719716388234
32.565,298.96335077475703
32.58,301.77556423772296
32.595,298.3085973175803
32.61,298.01620794048574
32.625,302.0755066974556
32.64,300.23524198624324
32.655,299.85607098944433
32.67,300.4621706680015
32.685,299.8277012875427
32.699999999999996,298.530046954499
32.714999999999996,300.934891292062
32.73,296.7089813312932
32.745,298.97145834234766
32.76,296.956344528653
32.775,299.48676736268214
32.79,297.62693852865453
32.805,303.7785831253746
32.82,300.81949470103405
32.835,301.7515551003131
32.85,299.1682350291949
32.865,298.67410043740585
32.879999999999995,302.64035285383994
32.894999999999996,300.95473081155245
32.91,300.78149563099083
32.925,302.5916728982221
32.94,301.9292854368391
32.955,302.14243570617316
32.97,300.34092623992103
32.985,304.27635288379963
33.0,304.2038552642417
33.015,299.91702180809034
33.03,301.19856562773384
33.045,300.5394375952521
33.06,299.2990559381239
33.074999999999996,303.6049474160387
33.089999999999996,307.6914400578089
33.105,306.0688144823363
33.12,301.94106745029393
33.135,302.8175738382628
33.15,306.29579731793615
33.165,304.3923627197254
33.18,305.7274455078009
33.195,306.39413112631684
33.21,305.86494492907826
33.225,306.0030087008542
33.24,307.28852768952845
33.254999999999995,311.72710004269084
33.269999999999996,310.5661108090917
33.285,311.8999988830131
33.3,309.48458543157835
33.315,313.9175474954167
33.33,313.95376392718777
33.345,313.980045352738
33.36,313.25263282212137
33.375,315.47078752944054
33.39,315.60655047683207
33.405,318.72885687585705
33.42,317.26956084891526
33.435,320.1005651437372
33.449999999999996,324.22354853176626
33.464999999999996,329.47023120610777
33.48,329.20401033264056
33.495,331.9026900045149
33.51,331.2195117259388
33.525,339.0808183409072
33.54,334.2515218765411
33.555,345.54770776993576
33.57,344.87004446280514
33.585,349.0216354416024
33.6,351.44995236251145
33.615,355.38052528310504
33.629999999999995,365.37050027668175
33.644999999999996,360.47551668329515
33.66,376.7221381290993
33.675,381.08986451006285
33.69,381.82738392507565
33.705,391.70394237699645
33.72,399.99924778242644
33.735,402.34434274419124
33.75,410.83710741197706
33.765,422.1046798890927
33.78,427.2703867850238
33.795,439.0585936710511
33.81,448.95831813928464
33.824999999999996,458.86389662991394
33.839999999999996,468.6136220635219
33.855,483.0541846441197
33.87,491.0016624773208
33.885,507.1269112700523
33.9,518.1233602389376
33.915,529.8437047312718
33.93,552.1621422226284
33.945,561.7271378772575
33.96,578.9636450514639
33.975,597.5553489754991
33.99,613.4325485361112
34.004999999999995,632.2845727050926
34.019999999999996,655.468439077827
34.035,672.6588882933935
34.05,695.5539308366452
34.065,715.3793840191955
34.08,742.013892623477
34.095,763.612330280084
34.11,786.4998550089593
34.125,813.1217259133533
34.14,841.266549501618
34.155,868.274320582631
34.17,896.982211489827
34.185,921.3444573650897
34.199999999999996,955.1873413334952
34.214999999999996,986.9511867743195
34.23,1018.1237544596893
34.245,1050.8954399540423
34.26,1086.0024205794482
34.275,1123.273067442347
34.29,1156.0230098218997
34.305,1193.6319173560378
34.32,1228.1757191756096
34.335,1266.1017272747213
34.35,1307.604602773212
34.365,1345.5915790139181
34.379999999999995,1389.8898363505912
34.394999999999996,1424.1343350987531
34.41,1462.420241007741
34.425,1502.9006114660904
34.44,1547.3330657789727
34.455,1590.5027591614707
34.47,1631.6803168980316
34.485,1671.0259500857803
34.5,1718.806516443764
34.515,1762.94446790745
34.53,1798.8201804295386
34.545,1840.598510197559
34.56,1886.3104800659823
34.574999999999996,1929.098711572294
34.589999999999996,1963.5223692088657
34.605,2008.3820268859226
34.62,2047.658751866388
34.635,2092.9202795170463
34.65,2133.64238271094
34.665,2170.1208842907554
34.68,2209.1425397552543
34.695,2243.0100670052684
34.71,2281.239597056266
34.725,2312.2069454265165
34.74,2351.123816379754
34.754999999999995,2381.259239007681
34.769999999999996,2414.1268042860866
34.785,2446.218659862632
34.8,2473.3839676747507
34.815,2498.939513602288
34.83,2524.2611768064353
34.845,2550.7762259296846
34.86,2571.2567011345022
34.875,2593.475252485789
34.89,2613.7868320930174
34.905,2628.746487073094
34.92,2652.919015081701
34.934999999999995,2658.983458107858
34.949999999999996,2673.169047175633
34.964999999999996,2687.6607753750454
34.98,2693.0527978024843
34.995,2699.385221225548
35.01,2704.3850363797096
35.025,2705.0788176537017
35.04,2712.7495263384517
35.055,2703.7868587516646
35.07,2709.402573847179
35.085,2699.067379076758
35.1,2693.6005449985305
35.115,2688.0661731499054
35.129999999999995,2675.509970294612
35.144999999999996,2669.007941600213
35.16,2649.8712013435193
35.175,2632.849896430922
35.19,2619.33235754161
35.205,2602.176937087901
35.22,2580.9375471717685
35.235,2564.878696100897
35.25,2530.853058131295
35.265,2515.392191821681
35.28,2488.8768371146007
35.295,2468.4521156324486
35.309999999999995,2436.862343024258
35.324999999999996,2407.6241872933388
35.339999999999996,2379.841047029988
35.355,2355.22140950195
35.37,2322.0688933467814
35.385,2290.4587327173367
35.4,2260.698987030977
35.415,2228.6335822047245
35.43,2195.8612116846366
35.445,2161.270809295411
35.46,2128.5897156796864
35.475,2096.5831098178014
35.49,2060.2021503221904
35.504999999999995,2027.2775646200785
35.519999999999996,1996.7257587242716
35.535,1962.521048836062
35.55,1929.39941591663
35.565,1895.1930952405833
35.58,1864.0143095084854
35.595,1828.3772008082144
35.61,1799.5510383625517
35.625,1766.4086399733462
35.64,1735.274730231546
35.655,1702.7328836610595
35.67,1675.7214103567367
35.684999999999995,1641.9439966743412
35.699999999999996,1616.0116108917266
35.714999999999996,1585.8354218998713
35.73,1559.4031881323417
35.745,1534.0578803518622
35.76,1501.2050226337458
35.775,1479.95472666948
35.79,1453.1091890331081
35.805,1428.0835548157224
35.82,1410.1230703262377
35.835,1384.7261947683514
35.85,1362.2267736319093
35.865,1341.973127059763
35.879999999999995,1320.3335951788333
35.894999999999996,1300.1923008930337
35.91,1283.9670554176969
35.925,1264.1708593727813
35.94,1247.5656556786626
35.955,1234.8275347844115
35.97,1218.2228157329082
35.985,1203.119787759457
36.0,1191.5839326860792
36.015,1173.358806227228
36.03,1159.3813912910439
36.045,1151.434354699507
36.059999999999995,1138.413421587976
36.074999999999996,1125.473049792578
36.089999999999996,1117.8726882179803
36.105,1104.723508126036
36.12,1092.5356521963586
36.135,1088.7598144081803
36.15,1079.5145332513503
36.165,1070.7183614478906
36.18,1061.1716744311389
36.195,1059.7986676336748
36.21,1049.1333458370832
36.225,1039.3332185452787
36.24,1037.28388666546
36.254999999999995,1029.1522827562
36.269999999999996,1023.0777046983756
36.285,1018.7425414351019
36.3,1013.7655495442343
36.315,1005.0240744118007
36.33,1003.4345916507898
36.345,998.5276707366413
36.36,997.8166112378256
36.375,996.0511150795736
36.39,986.4943678455807
36.405,984.2982297558381
36.42,983.9919474693418
36.434999999999995,981.5742429269733
36.449999999999996,975.509467750892
36.464999999999996,973.3584902551127
36.48,968.9778171887313
36.495,964.8872997023485
36.51,961.2461941753231
36.525,960.5916906501719
36.54,956.244116371068
36.555,952.2607424405106
36.57,947.603807040216
36.585,943.1745996024712
36.6,941.8804108777672
36.615,941.6544171210817
36.629999999999995,938.1706053199941
36.644999999999996,933.7471740034472
36.66,935.4889186670097
36.675,927.3066176245384
36.69,923.684395336974
36.705,920.1778541976513
36.72,919.2822269413898
36.735,913.9766609406445
36.75,910.9850611000827
36.765,904.6891162333054
36.78,901.0277418988039
36.795,898.4927989227949
36.809999999999995,893.7369480813397
36.824999999999996,889.0201041856342
36.839999999999996,886.2094474318692
36.855,879.4282499003775
36.87,876.4387590941645
36.885,873.086589662394
36.9,865.5353250818662
36.915,862.5129352351519
36.93,858.1526498965952
36.945,858.3961183550294
36.96,848.7138120922181
36.975,845.248334645594
36.99,839.5199516548288
37.004999999999995,834.045709386489
37.019999999999996,828.6496004094284
37.035,823.9091887220104
37.05,821.1872126337817
37.065,813.788847311771
37.08,810.3439548074593
37.095,800.0545969352236
37.11,796.3038021796189
37.125,791.4499664709857
37.14,784.0870208664811
37.155,780.5394756931267
37.17,774.9764817675905
37.184999999999995,771.6136794895847
37.199999999999996,765.4801999642079
37.214999999999996,759.6796297044438
37.23,746.1347738415232
37.245,745.6518933250114
37.26,738.6799659950815
37.275,736.7626760348674
37.29,730.1360925197104
37.305,724.4222588413406
37.32,722.1221043479812
37.335,711.1885995177922
37.35,705.4237944380808
37.365,701.4032219190552
37.379999999999995,691.0264966324065
37.394999999999996,689.0721926364253
37.41,680.3516945085802
37.425,676.9547877968587
37.44,669.9570813474813
37.455,664.525272074753
37.47,657.908455013557
37.485,650.9818786352382
37.5,644.4799580528243
37.515,642.073722325413
37.53,633.5752937162661
37.545,626.8900885928855
37.559999999999995,625.8635845843859
37.574999999999996,618.0907104492959
37.589999999999996,608.6287807700236
37.605,610.3477141015352
37.62,596.1946363857165
37.635,592.4253571598865
37.65,585.225240021384
37.665,582.7308659754792
37.68,579.9880134176202
37.695,572.1187366602629
37.71,564.184449788582
37.725,558.0724161584043
37.74,553.9056423476644
37.754999999999995,549.2549570995183
37.769999999999996,543.8103508059248
37.785,540.2854264589415
37.8,533.528565041004
37.815,527.7809067129789
37.83,524.4235719174052
37.845,517.8099633512
37.86,513.0646281003549
37.875,507.6420173300445
37.89,504.6592773025348
37.905,498.869281598651
37.92,491.8183777617908
37.934999999999995,490.2607111730687
37.949999999999996,485.05085216738047
37.964999999999996,479.7758974280852
37.98,474.2558171213002
37.995,472.0259629421132
38.01,467.540211805073
38.025,463.5262384110077
38.04,455.91792777286867
38.055,454.3933923009641
38.07,448.6530867403696
38.085,442.2269208535998
38.1,443.5897004839147
38.115,440.0177832602262
38.129999999999995,431.95514040785963
38.144999999999996,427.37506490799944
38.16,427.3988506306006
38.175,425.27736518806387
38.19,418.3009326826912
38.205,414.9597462917241
38.22,413.79115208891704
38.235,408.30092050936554
38.25,406.03157168518555
38.265,403.63753261490774
38.28,399.5661580316536
38.295,396.0154249570844
38.309999999999995,391.2171124129434
38.324999999999996,388.65096311635375
38.339999999999996,385.4443998733649
38.355,383.31437368083186
38.37,378.5815931332728
38.385,379.43177592218836
38.4,375.55368815088696
38.415,375.1765203200458
38.43,369.4986534473801
38.445,367.99350335431427
38.46,367.4965246261279
38.475,364.9519541366818
38.49,359.17858791178634
38.504999999999995,359.7128151943746
38.519999999999996,354.3855060498536
38.535,352.93101036152956
38.55,351.710962178325
38.565,350.38993618357466
38.58,346.84954295344187
38.595,345.34728376029125
38.61,343.1662858912065
38.625,340.1596120665065
38.64,341.30080923655964
38.655,336.1118829516822
38.67,339.35122601333285
38.684999999999995,335.3608524778655
38.699999999999996,332.94989760238934
38.714999999999996,331.63464878281775
38.73,329.6567779160769
38.745,329.9924051391019
38.76,326.53044406396975
38.775,325.9916802010474
38.79,323.25855315008897
38.805,324.8398596008801
38.82,319.08652591855673
38.835,321.5940738351602
38.85,321.01287111070513
38.865,320.4016664639802
38.879999999999995,312.4696600606871
38.894999999999996,312.4933715572637
38.91,312.76073077962235
38.925,315.52953430240666
38.94,310.44280233119895
38.955,312.48333423922077
38.97,306.46226464776805
38.985,308.3720954893601
39.0,306.7735694072473
39.015,307.49814424070394
39.03,307.8829073435104
39.045,305.9885296161094
39.059999999999995,303.90067272890707
39.074999999999996,303.05695739815656
39.089999999999996,302.36667327859544
39.105,301.7017811925332
39.12,302.99875619313866
39.135,298.82344786483736
39.15,297.27300945410127
39.165,300.956195706947
39.18,298.6623021789537
39.195,298.74036157906266
39.21,299.16454457084455
39.225,295.9161349592366
39.24,297.3358756003811
39.254999999999995,293.95205266450796
39.269999999999996,296.16344700252705
39.285,292.7215370612418
39.3,291.5440243948399
39.315,294.9192691491783
39.33,292.22374797509514
39.345,297.33038668810616
39.36,290.28418734921604
39.375,288.12661702780304
39.39,289.1631697583168
39.405,293.48353108137616
39.42,291.25208583965605
39.434999999999995,290.3421313337244
39.449999999999996,288.6713683275597
39.464999999999996,289.3492767767825
39.48,288.5698148256962
39.495,290.53445333011854
39.51,287.81947016898494
39.525,291.6642538582804
39.54,290.6320159341408
39.555,290.31184018117597
39.57,290.4609414684918
39.585,288.7914344040342
39.6,287.9920992491593
39.615,288.1588545345489
39.629999999999995,288.5574987095837
39.644999999999996,285.56761138146214
39.66,283.89991511530553
39.675,284.3743729966193
39.69,289.2791242630925
39.705,283.3475754563426
39.72,285.3401453721567
39.735,285.93902427629035
39.75,286.29581026017763
39.765,285.20871839079837
39.78,286.8430421434772
39.795,282.99023476440175
39.809999999999995,287.077279379281
39.824999999999996,286.06629853276104
39.839999999999996,280.83323173273266
39.855,284.0659313128847
39.87,284.951448500847
39.885,285.1052956121689
39.9,286.82187658900943
39.915,285.3990459079297
39.93,280.142256917145
39.945,281.7289695049575
39.96,284.2159113830627
39.975,282.20825158321406
39.99,278.89633282548465
40.004999999999995,282.5872338849633
40.019999999999996,279.7925099461426
40.035,280.654657339732
40.05,281.7565427669192
40.065,283.33112440356183
40.08,285.47179613819685
40.095,280.1981048339558
40.11,282.2183375862111
40.125,281.7061470347285
40.14,278.1660433698258
40.155,280.07326637940764
40.17,284.6949618654728
40.184999999999995,281.15203062801527
40.199999999999996,279.4542108725649
40.214999999999996,278.9660216947616
40.23,282.5984646091463
40.245,281.3839482512428
40.26,283.4275161989987
40.275,278.16462693015853
40.29,282.6120403396845
40.305,279.92111067509217
40.32,279.6899796287677
40.335,282.4403733067407
40.35,278.33346706068784
40.365,281.68235443325347
40.379999999999995,280.447932159982
40.394999999999996,280.22337452675794
40.41,280.2741784222532
40.425,278.40628214370304
40.44,281.50493204223216
40.455,278.92060452449493
40.47,277.3941600715555
40.485,278.15322363065934
40.5,279.6178105002807
40.515,282.6405691564694
40.53,280.66878189754016
40.545,278.44107780479703
40.559999999999995,280.76264414271395
40.574999999999996,282.04587548555946
40.589999999999996,279.04687510916926
40.605,275.5683765088636
40.62,280.5611029930802
40.635,277.8728250775348
40.65,275.9354881080593
40.665,281.33649463163636
40.68,281.38471918804305
40.695,281.36351729701204
40.71,282.1663278180422
40.725,275.4384999956328
40.74,281.95111194058296
40.754999999999995,278.88076896027223
40.769999999999996,278.13473526704536
40.785,279.92709371217893
40.8,280.38412441740206
40.815,280.42041685602993
40.83,277.7533421584674
40.845,276.5433024134113
40.86,278.2017184240958
40.875,283.16354556316446
40.89,278.9126360957854
40.905,276.8239114073162
40.92,277.0157831696391
40.934999999999995,273.46045618478274
40.949999999999996,276.8710556692854
40.964999999999996,278.5181502447001
40.98,277.43707169841065
40.995,276.08287822088425
41.01,278.6479288293301
41.025,277.00785836904544
41.04,280.4812810688213
41.055,275.874034557559
41.07,277.47662416978585
41.085,274.6454747504283
41.1,279.3943723959484
41.115,278.7259976118859
41.129999999999995,277.09291782399646
41.144999999999996,278.4130654704949
41.16,275.62902605141755
41.175,277.63257522379274
41.19,275.2144886963591
41.205,275.6822364369874
41.22,277.1630246814392
41.235,278.67440771866734
41.25,273.3305213481873
41.265,275.48476129715453
41.28,273.8563970640603
41.295,273.73234416015043
41.309999999999995,280.9422310035061
41.324999999999996,274.64750968460646
41.339999999999996,274.7439797259271
41.355,276.52076741574126
41.37,274.22569092273966
41.385,275.8277533656807
41.4,276.56588655120936
41.415,274.15670322845256
41.43,278.77270881436925
41.445,275.79988947910556
41.46,268.5812286326766
41.475,272.60229317888405
41.49,276.8822319975636
41.504999999999995,275.0824567275296
41.519999999999996,274.7379826717615
41.535,273.46921622604555
41.55,275.02966909721704
41.565,273.24376785012146
41.58,275.6612860401383
41.595,270.95776992198773
41.61,274.9195560362962
41.625,271.03693460754266
41.64,273.584178337142
41.655,275.3837632818239
41.67,275.54666287917667
41.684999999999995,274.2729377183281
41.699999999999996,275.1411398181349
41.714999999999996,274.535084812943
41.73,274.90583380669034
41.745,274.5463060272699
41.76,275.6021220409111
41.775,278.5700127555666
41.79,276.29248346654833
41.805,274.93294765903806
41.82,274.3285819019445
41.835,272.7475565749563
41.85,274.51329311562256
41.865,272.68123605312644
41.879999999999995,268.6187725714485
41.894999999999996,269.2570944413407
41.91,271.87735200872913
41.925,273.45171845263997
41.94,270.95395590998976
41.955,273.9915882177694
41.97,268.4755817868828
41.985,276.1227381513344
42.0,269.81130787322377
42.015,273.1739912876376
42.03,272.8895310935428
42.045,274.53166632756864
42.059999999999995,271.3249499300513
42.074999999999996,269.9554856323866
42.089999999999996,270.78809841092277
42.105,270.39470547089115
42.12,273.77407820614303
42.135,273.06160614222756
42.15,274.52938063892384
42.165,271.0196274733838
42.18,272.22594907542214
42.195,268.30538006577024
42.21,271.90562796601
42.225,272.6071569755728
42.239999999999995,269.0211714246483
42.254999999999995,271.6704981267941
42.269999999999996,273.8537490963613
42.285,270.1174861100788
42.3,273.3443446477793
42.315,272.97476871593165
42.33,271.5853390771173
42.345,269.3492673477989
42.36,271.603727095802
42.375,274.7525697580451
42.39,269.7568496351146
42.405,270.5868268314016
42.42,270.8032750345483
42.434999999999995,270.7507862587256
42.449999999999996,270.24794251958144
42.464999999999996,269.06522742763036
42.48,270.0553045045804
42.495,271.143042922276
42.51,271.11984163408783
42.525,270.49979773589666
42.54,268.2859484755094
42.555,266.0272182301609
42.57,269.30655725423037
42.585,267.15682108017586
42.6,267.085584339933
42.614999999999995,266.9111020828484
42.629999999999995,269.7769654079332
42.644999999999996,270.5075018902918
42.66,266.56663195994236
42.675,272.78037114692074
42.69,272.77234237872494
42.705,267.1362477911024
42.72,273.4057828312207
42.735,263.045040328771
42.75,267.2427520196875
42.765,267.81744046092274
42.78,266.6339388989865
42.795,270.30903464503024
42.809999999999995,270.48207533980633
42.824999999999996,268.78572242942766
42.839999999999996,267.7199862269906
42.855,269.36813183088327
42.87,265.24208807729985
42.885,267.4945172239623
42.9,269.75793411075955
42.915,266.94507223584117
42.93,267.6864680505558
42.945,271.766630576406
42.96,266.19678384259834
42.975,264.7486838720047
42.989999999999995,267.67783006226404
43.004999999999995,268.3338823809926
43.019999999999996,266.86910556422475
43.035,264.65240802343584
43.05,266.94675260042186
43.065,265.8191701425577
43.08,265.25406448419017
43.095,267.349890964029
43.11,269.4371566403161
43.125,265.8212158068958
43.14,265.56187134297204
43.155,271.0936961534245
43.17,266.8135694564886
43.184999999999995,264.39569841215734
43.199999999999996,267.67612340170695
43.214999999999996,268.07836681664133
43.23,264.8168319500702
43.245,265.7219003283409
43.26,265.281816716159
43.275,266.9500777093141
43.29,270.6497664796469
43.305,263.7964449574621
43.32,265.5400860418216
43.335,265.4904873510231
43.35,263.5664652091847
43.364999999999995,263.93619958426774
43.379999999999995,263.10281326786435
43.394999999999996,263.7570405297678
43.41,261.9846717019316
43.425,266.6385237458843
43.44,263.223982709185
43.455,265.4876469440835
43.47,263.3786880503993
43.485,265.3030500871588
43.5,265.9990416572073
43.515,263.613934567991
43.53,267.48706244236234
43.545,259.8112756519805
43.559999999999995,264.9438506705909
43.574999999999996,267.6443933494311
43.589999999999996,264.1657107439228
43.605,265.2883926049897
43.62,267.0743976215182
43.635,264.1999052223776
43.65,264.116810463035
43.665,265.71762238200154
43.68,261.91270820458874
43.695,263.5162756512008
43.71,262.7221376261615
43.725,263.4055488017258
43.739999999999995,264.7965485986593
43.754999999999995,264.1317015532545
43.769999999999996,264.6279414734403
43.785,262.7853476314476
43.8,261.7801042343229
43.815,262.6651775499585
43.83,261.3939480573189
43.845,261.3921372859302
43.86,264.8760877632085
43.875,261.7364535169235
43.89,265.08588856089034
43.905,262.52444771373194
43.92,264.4729137127921
43.934999999999995,263.3538060644571
43.949999999999996,264.5455739460905
43.964999999999996,258.2956388451899
43.98,266.0517016208588
43.995,258.97852832996466
44.01,263.28651402856497
44.025,259.97633833107625
44.04,259.17499160991275
44.055,259.4538342650838
44.07,259.8523713245017
44.085,261.48236082877395
44.1,261.8313000435195
44.114999999999995,258.6902064349363
44.129999999999995,259.8684346673303
44.144999999999996,262.5170450128303
44.16,260.59622129819513
44.175,258.8226332744901
44.19,262.7748360767797
44.205,261.10996906621426
44.22,257.0683020207803
44.235,257.66499426701273
44.25,259.35517154276
44.265,258.9064130724468
44.28,259.2450709902809
44.295,259.7503636236937
44.309999999999995,258.83576721739917
44.324999999999996,261.9585234332106
44.339999999999996,262.69009462107635
44.355,257.8597182378844
44.37,262.7713107125778
44.385,258.25867532721384
44.4,257.32536792686807
44.415,257.7429698073011
44.43,251.91833697481724
44.445,258.1388794318791
44.46,256.6985842295722
44.475,260.00261328562726
44.489999999999995,258.66662170475433
44.504999999999995,256.4106986964573
44.519999999999996,258.45581808487344
44.535,257.1257879904375
44.55,257.78361713025464
44.565,254.59315636252126
44.58,256.73554559640525
44.595,256.3942076792647
44.61,258.6026569913629
44.625,258.9005718419287
44.64,260.08629874889436
44.655,257.44941885556193
44.67,256.0653154290583
44.684999999999995,255.93708750160906
44.699999999999996,261.51578839399525
44.714999999999996,255.9753930456194
44.73,258.2589707488712
44.745,256.3309074080349
44.76,255.7740515417283
44.775,254.49218641397258
44.79,259.57224841111196
44.805,260.43219630214594
44.82,255.66756453374876
44.835,255.7263988764466
44.85,255.9777979899679
44.864999999999995,254.95114954710675
44.879999999999995,256.35458813457814
44.894999999999996,252.33584568999783
44.91,256.8698790814581
44.925,258.3074853246861
44.94,257.6059546394019
44.955,257.6486443080127
44.97,255.8384931398649
44.985,252.25246020132585
45.0,257.0951439554584
45.015,257.7847262735411
45.03,251.94562253893943
45.045,253.89800843615518
45.059999999999995,252.60469389356143
45.074999999999996,255.1446327437942
45.089999999999996,250.13561806583877
45.105,254.87189854569078
45.12,255.05053556287038
45.135,255.37372503752908
45.15,256.47992796188447
45.165,252.24456077063687
45.18,255.50209071329866
45.195,256.10121598036386
45.21,253.43565432021614
45.225,254.48188082227998
45.239999999999995,249.61089012832753
45.254999999999995,251.43328377276305
45.269999999999996,254.32129794803222
45.285,253.3360163569535
45.3,253.13419544193144
45.315,254.52212911949425
45.33,254.695594917417
45.345,253.50418307633296
45.36,252.89094778444309
45.375,251.1419554124397
45.39,255.83280062688357
45.405,252.27312600025238
45.42,255.60158394690347
45.434999999999995,251.5856826046324
45.449999999999996,253.97824021750014
45.464999999999996,252.73132321686168
45.48,249.26869013957088
45.495,249.89334791801085
45.51,253.72956144306676
45.525,248.58773429329602
45.54,252.00538313097383
45.555,252.46991700960868
45.57,256.27532217036196
45.585,253.84169802859225
45.6,252.6595224066818
45.614999999999995,253.5135104650409
45.629999999999995,250.20971363125582
45.644999999999996,250.9362250667081
45.66,252.71278132566655
45.675,249.1565548179717
45.69,248.77563385173812
45.705,252.82338805307504
45.72,248.56340664121615
45.735,253.77463452350187
45.75,250.1409024756355
45.765,247.38991269671493
45.78,250.56524339099388
45.795,251.30816285647438
45.809999999999995,251.87767995100492
45.824999999999996,252.10647739256976
45.839999999999996,250.83720974439132
45.855,252.81209551588202
45.87,248.0701225040181
45.885,249.83057512941022
45.9,249.64478458117324
45.915,248.2525629334402
45.93,248.55748792459846
45.945,249.5850988786483
45.96,251.20637519096667
45.975,249.98059609800535
45.989999999999995,243.6073681650434
46.004999999999995,246.18493728413915
46.019999999999996,251.57801210658138
46.035,247.45189939948384
46.05,245.5737686186631
46.065,246.0688682254467
46.08,252.135050800228
46.095,249.32163259593645
46.11,250.4577334803302
46.125,248.0478573634858
46.14,248.35252049780235
46.155,248.43716688969315
46.17,245.7239652467857
46.184999999999995,246.6689670039311
46.199999999999996,245.52764271142678
46.214999999999996,247.76593051336025
46.23,249.23669608418135
46.245,248.9151291809078
46.26,246.07488929024993
46.275,250.5896838711781
46.29,247.71972174800115
46.305,245.01258976147042
46.32,246.68067751639327
46.335,245.27114671856012
46.35,243.58254813798942
46.364999999999995,244.85583710513674
46.379999999999995,248.64470154514365
46.394999999999996,243.63090759513202
46.41,242.6935158194684
46.425,246.86815503014438
46.44,245.47313761648653
46.455,246.900272294642
46.47,245.2059778712493
46.485,245.42696267007514
46.5,247.7706768463607
46.515,247.56045048833485
46.53,244.99431171520294
46.545,250.07237596072065
46.559999999999995,242.82408267628875
46.574999999999996,246.03450068388923
46.589999999999996,244.39340026951294
46.605,243.379373745948
46.62,243.125521497891
46.635,246.6477670677037
46.65,243.37455273005338
46.665,241.30253108688848
46.68,244.68252799894057
46.695,242.63727899634102
46.71,247.46572779309352
46.725,243.5259252594622
46.739999999999995,244.3130422149087
46.754999999999995,244.65779488993897
46.769999999999996,246.43740235529458
46.785,242.17205994665295
46.8,247.6325801547638
46.815,245.08185824615043
46.83,245.19464732853322
46.845,242.71299922993848
46.86,243.99262109951442
46.875,241.65138011454883
46.89,242.12557614706625
46.905,242.0575844400851
46.92,243.19103730665276
46.934999999999995,240.8389033240967
46.949999999999996,243.9458795658817
46.964999999999996,243.19563598164228
46.98,243.5916505885823
46.995,241.9918202880957
47.01,247.9046383394357
47.025,241.72134719344766
47.04,242.19984339469354
47.055,243.2991491048666
47.07,243.68102343885425
47.085,241.0308049544181
47.1,243.32578459268856
47.114999999999995,241.76233954993822
47.129999999999995,241.18575717833616
47.144999999999996,241.9852414630932
47.16,241.3217731647093
47.175,238.8639978436005
47.19,240.9219004170861
47.205,241.24664504947447
47.22,240.81575439985218
47.235,241.2241897015082
47.25,240.1469454797257
47.265,242.44291677471014
47.28,240.4605090961769
47.295,246.25207512469748
47.309999999999995,243.4696438252178
47.324999999999996,239.64051397918735
47.339999999999996,240.83696506979024
47.355,241.01313537589292
47.37,241.8395044864481
47.385,240.7926756782968
47.4,239.96206515294116
47.415,236.93092019426726
47.43,239.57460221975106
47.445,239.56726159215978
47.46,237.0317600890032
47.475,236.95136651661488
47.489999999999995,239.8101297952886
47.504999999999995,239.5335436645288
47.519999999999996,234.8668893315795
47.535,237.67289124382208
47.55,237.92824250478472
47.565,236.4385182029719
47.58,237.6297894049247
47.595,238.26955290817884
47.61,236.8241299769932
47.625,234.00301404631648
47.64,240.59637450439726
47.655,234.89222165311983
47.67,238.02667440942477
47.684999999999995,236.471360937256
47.699999999999996,237.6764324774902
47.714999999999996,236.75844210622614
47.73,235.8187872142369
47.745,235.64397166703176
47.76,236.8226114807854
47.775,240.91243204858708
47.79,237.8446158250048
47.805,239.87350976763136
47.82,236.23908005413003
47.835,237.0218819176979
47.85,237.3993610788188
47.864999999999995,237.47671519122142
47.879999999999995,236.98931092177165
47.894999999999996,232.97759044442418
47.91,235.92030016534923
47.925,236.79080832674993
47.94,234.26435806074676
47.955,239.8705983395348
47.97,235.10356751096478
47.985,234.98741521054927
48.0,234.24301901150582
48.015,233.3762872703432
48.03,237.85765866907371
48.045,232.65163629917055
48.059999999999995,237.630823881921
48.074999999999996,234.0815124699271
48.089999999999996,231.0542074737891
48.105,235.44883453442375
48.12,234.00769953151877
48.135,234.49908244878654
48.15,233.61846582155349
48.165,234.6571317043809
48.18,237.58152516897525
48.195,233.0900523181157
48.21,235.52083189265156
48.225,231.18612367918143
48.239999999999995,233.42172250847196
48.254999999999995,233.953680451341
48.269999999999996,236.47524088225467
48.285,231.52907415271306
48.3,229.00811078231334
48.315,236.58027988572564
48.33,235.73599178250475
48.345,234.60002532734637
48.36,232.9245528497057
48.375,234.39000310341027
48.39,232.93520013014054
48.405,229.21109263107522
48.42,230.75080408976595
48.434999999999995,233.71031744349
48.449999999999996,235.3871577127875
48.464999999999996,230.70512188389077
48.48,232.4192581263869
48.495,234.28960273088447
48.51,230.8728941478502
48.525,230.99942052960276
48.54,231.63078453767713
48.555,231.44553334073902
48.57,231.78392467042514
48.585,228.65566390588543
48.6,228.25656576068698
48.614999999999995,229.46572404221325
48.629999999999995,227.9132940708018
48.644999999999996,230.3981581716372
48.66,229.0944977741158
48.675,227.37359368541615
48.69,225.5217102052456
48.705,229.71237695130364
48.72,231.70994522569788
48.735,229.73099936843948
48.75,227.70962897314598
48.765,230.7836911439941
48.78,229.44063807702736
48.795,232.42817506203306
48.809999999999995,227.7864586707263
48.824999999999996,229.72092738262637
48.839999999999996,228.38878493098244
48.855,229.8987442745304
48.87,228.37839677822942
48.885,230.89120842949146
48.9,230.23623331365403
48.915,226.29487584921154
48.93,230.070540316834
48.945,228.4243984280422
48.96,231.48100731109213
48.975,229.51394573111446
48.989999999999995,225.9020591289177
49.004999999999995,229.29371192708922
49.019999999999996,227.17507097216014
49.035,224.40859698135063
49.05,226.80564890482907
49.065,226.45083573881254
49.08,228.0169032827918
49.095,226.4607103440033
49.11,227.89690701417476
49.125,225.15987761824567
49.14,229.16662285859795
49.155,226.08166564610838
49.17,228.65659265332482
49.184999999999995,224.5123857064942
49.199999999999996,226.8299654852949
49.214999999999996,226.32276853897667
49.23,226.7980426980505
49.245,224.74311911040536
49.26,226.5450136826833
49.275,226.32038552263222
49.29,224.89477391064375
49.305,224.0575156834352
49.32,227.08348740385316
49.335,224.326037876643
49.35,217.04057945427957
49.364999999999995,226.34903570619235
49.379999999999995,224.81046813235898
49.394999999999996,223.0239150342921
49.41,225.86494729310695
49.425,224.2641463469
49.44,225.04397303384093
49.455,223.25959977081436
49.47,221.87645342555578
49.485,223.17424396356552
49.5,226.23490412831654
49.515,225.74954077908438
49.53,225.5111445317795
49.545,226.77079087372653
49.559999999999995,224.92013345311523
49.574999999999996,222.1840042497198
49.589999999999996,226.71666428501612
49.605,225.42124692965047
49.62,222.98878032998326
49.635,223.26130380240846
49.65,221.23348703614585
49.665,221.47633676653817
49.68,219.51320773955678
49.695,220.4323567329319
49.71,222.8554767748206
49.725,220.05443585054311
49.739999999999995,219.41092505925963
49.754999999999995,227.18679418022495
49.769999999999996,220.25590467400946
49.785,224.12968929318617
49.8,220.29509033460351
49.815,219.2432095839216
49.83,220.93253430326388
49.845,217.29424016511734
49.86,223.00083320956395
49.875,225.45388944013754
49.89,221.46620972353713
49.905,219.84248347829356
49.92,221.00903180790954
49.934999999999995,217.7267925411803
49.949999999999996,220.94629067089045
49.964999999999996,218.4517365243637
49.98,216.70801491490738
49.995,220.0152222572077
