,time_min,intensity_mV
0,0.0,3
1,0.00833,3
2,0.01667,3
3,0.025,3
4,0.03333,2
5,0.04167,2
6,0.05,3
7,0.05833,3
8,0.06667,3
9,0.075,3
10,0.08333,3
11,0.09167,3
12,0.1,4
13,0.10833,4
14,0.11667,4
15,0.125,4
16,0.13333,4
17,0.14167,4
18,0.15,4
19,0.15833,3
20,0.16667,3
21,0.175,3
22,0.18333,3
23,0.19167,3
24,0.2,3
25,0.20833,3
26,0.21667,2
27,0.225,2
28,0.23333,2
29,0.24167,2
30,0.25,2
31,0.25833,3
32,0.26667,3
33,0.275,3
34,0.28333,3
35,0.29167,3
36,0.3,3
37,0.30833,3
38,0.31667,3
39,0.325,3
40,0.33333,3
41,0.34167,3
42,0.35,3
43,0.35833,3
44,0.36667,3
45,0.375,3
46,0.38333,3
47,0.39167,3
48,0.4,2
49,0.40833,2
50,0.41667,2
51,0.425,2
52,0.43333,2
53,0.44167,2
54,0.45,2
55,0.45833,2
56,0.46667,2
57,0.475,2
58,0.48333,3
59,0.49167,2
60,0.5,2
61,0.50833,2
62,0.51667,2
63,0.525,2
64,0.53333,2
65,0.54167,3
66,0.55,3
67,0.55833,2
68,0.56667,2
69,0.575,2
70,0.58333,2
71,0.59167,2
72,0.6,2
73,0.60833,2
74,0.61667,3
75,0.625,3
76,0.63333,3
77,0.64167,3
78,0.65,3
79,0.65833,3
80,0.66667,3
81,0.675,3
82,0.68333,3
83,0.69167,3
84,0.7,2
85,0.70833,2
86,0.71667,2
87,0.725,2
88,0.73333,2
89,0.74167,2
90,0.75,2
91,0.75833,2
92,0.76667,2
93,0.775,2
94,0.78333,2
95,0.79167,2
96,0.8,2
97,0.80833,3
98,0.81667,2
99,0.825,2
100,0.83333,2
101,0.84167,2
102,0.85,2
103,0.85833,2
104,0.86667,3
105,0.875,3
106,0.88333,2
107,0.89167,2
108,0.9,2
109,0.90833,3
110,0.91667,2
111,0.925,2
112,0.93333,2
113,0.94167,2
114,0.95,2
115,0.95833,2
116,0.96667,2
117,0.975,2
118,0.98333,2
119,0.99167,2
120,1.0,2
121,1.00833,2
122,1.01667,2
123,1.025,2
124,1.03333,2
125,1.04167,3
126,1.05,3
127,1.05833,3
128,1.06667,3
129,1.075,3
130,1.08333,2
131,1.09167,2
132,1.1,3
133,1.10833,3
134,1.11667,3
135,1.125,3
136,1.13333,3
137,1.14167,3
138,1.15,3
139,1.15833,3
140,1.16667,3
141,1.175,3
142,1.18333,3
143,1.19167,3
144,1.2,3
145,1.20833,3
146,1.21667,3
147,1.225,3
148,1.23333,3
149,1.24167,3
150,1.25,2
151,1.25833,2
152,1.26667,3
153,1.275,2
154,1.28333,2
155,1.29167,2
156,1.3,2
157,1.30833,2
158,1.31667,2
159,1.325,2
160,1.33333,3
161,1.34167,3
162,1.35,3
163,1.35833,3
164,1.36667,3
165,1.375,3
166,1.38333,2
167,1.39167,2
168,1.4,2
169,1.40833,2
170,1.41667,2
171,1.425,2
172,1.43333,2
173,1.44167,2
174,1.45,2
175,1.45833,2
176,1.46667,3
177,1.475,3
178,1.48333,3
179,1.49167,3
180,1.5,2
181,1.50833,2
182,1.51667,2
183,1.525,3
184,1.53333,2
185,1.54167,3
186,1.55,3
187,1.55833,3
188,1.56667,3
189,1.575,3
190,1.58333,3
191,1.59167,3
192,1.6,3
193,1.60833,3
194,1.61667,2
195,1.625,2
196,1.63333,3
197,1.64167,3
198,1.65,3
199,1.65833,4
200,1.66667,3
201,1.675,3
202,1.68333,3
203,1.69167,3
204,1.7,3
205,1.70833,3
206,1.71667,3
207,1.725,3
208,1.73333,3
209,1.74167,2
210,1.75,2
211,1.75833,2
212,1.76667,2
213,1.775,2
214,1.78333,2
215,1.79167,2
216,1.8,2
217,1.80833,2
218,1.81667,1
219,1.825,1
220,1.83333,1
221,1.84167,1
222,1.85,1
223,1.85833,1
224,1.86667,1
225,1.875,1
226,1.88333,2
227,1.89167,2
228,1.9,3
229,1.90833,3
230,1.91667,2
231,1.925,3
232,1.93333,3
233,1.94167,3
234,1.95,2
235,1.95833,2
236,1.96667,2
237,1.975,2
238,1.98333,2
239,1.99167,2
240,2.0,2
241,2.00833,1
242,2.01667,1
243,2.025,1
244,2.03333,2
245,2.04167,2
246,2.05,2
247,2.05833,2
248,2.06667,2
249,2.075,2
250,2.08333,3
251,2.09167,2
252,2.1,2
253,2.10833,2
254,2.11667,2
255,2.125,2
256,2.13333,2
257,2.14167,2
258,2.15,2
259,2.15833,2
260,2.16667,2
261,2.175,2
262,2.18333,2
263,2.19167,2
264,2.2,2
265,2.20833,2
266,2.21667,3
267,2.225,3
268,2.23333,3
269,2.24167,3
270,2.25,3
271,2.25833,3
272,2.26667,3
273,2.275,3
274,2.28333,3
275,2.29167,3
276,2.3,3
277,2.30833,3
278,2.31667,3
279,2.325,3
280,2.33333,2
281,2.34167,3
282,2.35,3
283,2.35833,3
284,2.36667,3
285,2.375,3
286,2.38333,3
287,2.39167,3
288,2.4,3
289,2.40833,3
290,2.41667,2
291,2.425,2
292,2.43333,3
293,2.44167,3
294,2.45,3
295,2.45833,4
296,2.46667,3
297,2.475,3
298,2.48333,3
299,2.49167,4
300,2.5,4
301,2.50833,4
302,2.51667,4
303,2.525,3
304,2.53333,3
305,2.54167,3
306,2.55,3
307,2.55833,2
308,2.56667,2
309,2.575,2
310,2.58333,2
311,2.59167,2
312,2.6,2
313,2.60833,3
314,2.61667,3
315,2.625,3
316,2.63333,3
317,2.64167,3
318,2.65,2
319,2.65833,2
320,2.66667,3
321,2.675,3
322,2.68333,3
323,2.69167,3
324,2.7,3
325,2.70833,3
326,2.71667,3
327,2.725,3
328,2.73333,3
329,2.74167,3
330,2.75,3
331,2.75833,3
332,2.76667,3
333,2.775,3
334,2.78333,2
335,2.79167,2
336,2.8,2
337,2.80833,2
338,2.81667,2
339,2.825,2
340,2.83333,2
341,2.84167,2
342,2.85,2
343,2.85833,2
344,2.86667,2
345,2.875,2
346,2.88333,2
347,2.89167,2
348,2.9,2
349,2.90833,2
350,2.91667,2
351,2.925,3
352,2.93333,3
353,2.94167,2
354,2.95,2
355,2.95833,2
356,2.96667,2
357,2.975,2
358,2.98333,2
359,2.99167,2
360,3.0,3
361,3.00833,3
362,3.01667,2
363,3.025,2
364,3.03333,2
365,3.04167,2
366,3.05,2
367,3.05833,2
368,3.06667,2
369,3.075,2
370,3.08333,3
371,3.09167,3
372,3.1,2
373,3.10833,3
374,3.11667,3
375,3.125,2
376,3.13333,2
377,3.14167,2
378,3.15,2
379,3.15833,3
380,3.16667,3
381,3.175,3
382,3.18333,2
383,3.19167,2
384,3.2,3
385,3.20833,2
386,3.21667,2
387,3.225,2
388,3.23333,2
389,3.24167,2
390,3.25,2
391,3.25833,2
392,3.26667,2
393,3.275,2
394,3.28333,2
395,3.29167,2
396,3.3,2
397,3.30833,2
398,3.31667,2
399,3.325,2
400,3.33333,2
401,3.34167,2
402,3.35,2
403,3.35833,2
404,3.36667,2
405,3.375,2
406,3.38333,3
407,3.39167,3
408,3.4,3
409,3.40833,3
410,3.41667,3
411,3.425,3
412,3.43333,3
413,3.44167,3
414,3.45,3
415,3.45833,3
416,3.46667,3
417,3.475,3
418,3.48333,2
419,3.49167,2
420,3.5,2
421,3.50833,2
422,3.51667,2
423,3.525,2
424,3.53333,2
425,3.54167,2
426,3.55,2
427,3.55833,2
428,3.56667,2
429,3.575,2
430,3.58333,2
431,3.59167,1
432,3.6,1
433,3.60833,1
434,3.61667,1
435,3.625,1
436,3.63333,1
437,3.64167,1
438,3.65,1
439,3.65833,1
440,3.66667,1
441,3.675,2
442,3.68333,2
443,3.69167,1
444,3.7,1
445,3.70833,1
446,3.71667,1
447,3.725,1
448,3.73333,1
449,3.74167,1
450,3.75,1
451,3.75833,1
452,3.76667,1
453,3.775,1
454,3.78333,1
455,3.79167,1
456,3.8,1
457,3.80833,2
458,3.81667,2
459,3.825,2
460,3.83333,2
461,3.84167,2
462,3.85,2
463,3.85833,2
464,3.86667,2
465,3.875,2
466,3.88333,2
467,3.89167,2
468,3.9,2
469,3.90833,2
470,3.91667,2
471,3.925,1
472,3.93333,1
473,3.94167,2
474,3.95,1
475,3.95833,1
476,3.96667,1
477,3.975,1
478,3.98333,1
479,3.99167,1
480,4.0,1
481,4.00833,1
482,4.01667,1
483,4.025,1
484,4.03333,2
485,4.04167,2
486,4.05,2
487,4.05833,3
488,4.06667,3
489,4.075,3
490,4.08333,3
491,4.09167,2
492,4.1,2
493,4.10833,1
494,4.11667,1
495,4.125,1
496,4.13333,1
497,4.14167,1
498,4.15,1
499,4.15833,1
500,4.16667,1
501,4.175,1
502,4.18333,1
503,4.19167,1
504,4.2,1
505,4.20833,1
506,4.21667,1
507,4.225,1
508,4.23333,2
509,4.24167,2
510,4.25,2
511,4.25833,2
512,4.26667,3
513,4.275,3
514,4.28333,3
515,4.29167,3
516,4.3,2
517,4.30833,2
518,4.31667,2
519,4.325,2
520,4.33333,2
521,4.34167,2
522,4.35,2
523,4.35833,2
524,4.36667,2
525,4.375,2
526,4.38333,2
527,4.39167,2
528,4.4,2
529,4.40833,2
530,4.41667,2
531,4.425,2
532,4.43333,2
533,4.44167,2
534,4.45,2
535,4.45833,2
536,4.46667,2
537,4.475,2
538,4.48333,2
539,4.49167,2
540,4.5,2
541,4.50833,2
542,4.51667,3
543,4.525,3
544,4.53333,3
545,4.54167,2
546,4.55,2
547,4.55833,2
548,4.56667,2
549,4.575,2
550,4.58333,2
551,4.59167,2
552,4.6,2
553,4.60833,3
554,4.61667,3
555,4.625,3
556,4.63333,3
557,4.64167,3
558,4.65,3
559,4.65833,3
560,4.66667,3
561,4.675,3
562,4.68333,3
563,4.69167,3
564,4.7,2
565,4.70833,2
566,4.71667,2
567,4.725,1
568,4.73333,1
569,4.74167,2
570,4.75,1
571,4.75833,2
572,4.76667,2
573,4.775,2
574,4.78333,2
575,4.79167,2
576,4.8,2
577,4.80833,2
578,4.81667,2
579,4.825,3
580,4.83333,3
581,4.84167,3
582,4.85,3
583,4.85833,3
584,4.86667,3
585,4.875,3
586,4.88333,3
587,4.89167,3
588,4.9,3
589,4.90833,3
590,4.91667,3
591,4.925,3
592,4.93333,2
593,4.94167,2
594,4.95,2
595,4.95833,3
596,4.96667,3
597,4.975,3
598,4.98333,3
599,4.99167,3
600,5.0,3
601,5.00833,3
602,5.01667,2
603,5.025,2
604,5.03333,2
605,5.04167,2
606,5.05,2
607,5.05833,2
608,5.06667,2
609,5.075,2
610,5.08333,2
611,5.09167,2
612,5.1,2
613,5.10833,2
614,5.11667,2
615,5.125,2
616,5.13333,2
617,5.14167,2
618,5.15,2
619,5.15833,2
620,5.16667,2
621,5.175,1
622,5.18333,1
623,5.19167,1
624,5.2,1
625,5.20833,1
626,5.21667,1
627,5.225,1
628,5.23333,2
629,5.24167,1
630,5.25,1
631,5.25833,1
632,5.26667,2
633,5.275,2
634,5.28333,2
635,5.29167,2
636,5.3,3
637,5.30833,3
638,5.31667,3
639,5.325,2
640,5.33333,2
641,5.34167,2
642,5.35,2
643,5.35833,2
644,5.36667,1
645,5.375,1
646,5.38333,1
647,5.39167,1
648,5.4,1
649,5.40833,1
650,5.41667,1
651,5.425,1
652,5.43333,2
653,5.44167,2
654,5.45,2
655,5.45833,2
656,5.46667,1
657,5.475,1
658,5.48333,1
659,5.49167,1
660,5.5,2
661,5.50833,2
662,5.51667,2
663,5.525,1
664,5.53333,1
665,5.54167,1
666,5.55,1
667,5.55833,1
668,5.56667,1
669,5.575,2
670,5.58333,2
671,5.59167,2
672,5.6,2
673,5.60833,2
674,5.61667,2
675,5.625,2
676,5.63333,2
677,5.64167,2
678,5.65,2
679,5.65833,1
680,5.66667,1
681,5.675,1
682,5.68333,1
683,5.69167,1
684,5.7,1
685,5.70833,1
686,5.71667,1
687,5.725,1
688,5.73333,1
689,5.74167,1
690,5.75,2
691,5.75833,2
692,5.76667,2
693,5.775,2
694,5.78333,2
695,5.79167,2
696,5.8,2
697,5.80833,2
698,5.81667,2
699,5.825,2
700,5.83333,3
701,5.84167,2
702,5.85,2
703,5.85833,2
704,5.86667,2
705,5.875,2
706,5.88333,2
707,5.89167,2
708,5.9,2
709,5.90833,2
710,5.91667,2
711,5.925,2
712,5.93333,2
713,5.94167,1
714,5.95,1
715,5.95833,1
716,5.96667,1
717,5.975,1
718,5.98333,1
719,5.99167,1
720,6.0,1
721,6.00833,2
722,6.01667,2
723,6.025,1
724,6.03333,1
725,6.04167,2
726,6.05,2
727,6.05833,2
728,6.06667,2
729,6.075,2
730,6.08333,2
731,6.09167,2
732,6.1,2
733,6.10833,2
734,6.11667,2
735,6.125,2
736,6.13333,3
737,6.14167,3
738,6.15,3
739,6.15833,3
740,6.16667,2
741,6.175,2
742,6.18333,2
743,6.19167,2
744,6.2,2
745,6.20833,2
746,6.21667,2
747,6.225,2
748,6.23333,1
749,6.24167,1
750,6.25,1
751,6.25833,1
752,6.26667,1
753,6.275,1
754,6.28333,1
755,6.29167,1
756,6.3,1
757,6.30833,1
758,6.31667,1
759,6.325,2
760,6.33333,2
761,6.34167,2
762,6.35,2
763,6.35833,2
764,6.36667,2
765,6.375,2
766,6.38333,2
767,6.39167,1
768,6.4,1
769,6.40833,2
770,6.41667,2
771,6.425,2
772,6.43333,2
773,6.44167,2
774,6.45,2
775,6.45833,2
776,6.46667,2
777,6.475,2
778,6.48333,2
779,6.49167,2
780,6.5,2
781,6.50833,2
782,6.51667,2
783,6.525,2
784,6.53333,2
785,6.54167,2
786,6.55,2
787,6.55833,2
788,6.56667,1
789,6.575,1
790,6.58333,1
791,6.59167,1
792,6.6,1
793,6.60833,1
794,6.61667,1
795,6.625,1
796,6.63333,2
797,6.64167,2
798,6.65,1
799,6.65833,1
800,6.66667,1
801,6.675,1
802,6.68333,1
803,6.69167,1
804,6.7,1
805,6.70833,1
806,6.71667,1
807,6.725,1
808,6.73333,1
809,6.74167,1
810,6.75,2
811,6.75833,2
812,6.76667,2
813,6.775,2
814,6.78333,1
815,6.79167,1
816,6.8,1
817,6.80833,1
818,6.81667,1
819,6.825,1
820,6.83333,2
821,6.84167,2
822,6.85,2
823,6.85833,2
824,6.86667,2
825,6.875,2
826,6.88333,2
827,6.89167,1
828,6.9,1
829,6.90833,1
830,6.91667,1
831,6.925,1
832,6.93333,1
833,6.94167,1
834,6.95,1
835,6.95833,1
836,6.96667,1
837,6.975,1
838,6.98333,2
839,6.99167,2
840,7.0,2
841,7.00833,2
842,7.01667,2
843,7.025,2
844,7.03333,2
845,7.04167,2
846,7.05,2
847,7.05833,2
848,7.06667,2
849,7.075,1
850,7.08333,1
851,7.09167,1
852,7.1,1
853,7.10833,2
854,7.11667,2
855,7.125,2
856,7.13333,2
857,7.14167,2
858,7.15,3
859,7.15833,3
860,7.16667,3
861,7.175,3
862,7.18333,3
863,7.19167,3
864,7.2,2
865,7.20833,2
866,7.21667,2
867,7.225,2
868,7.23333,2
869,7.24167,2
870,7.25,1
871,7.25833,1
872,7.26667,1
873,7.275,1
874,7.28333,2
875,7.29167,2
876,7.3,2
877,7.30833,2
878,7.31667,2
879,7.325,2
880,7.33333,2
881,7.34167,2
882,7.35,2
883,7.35833,2
884,7.36667,2
885,7.375,2
886,7.38333,2
887,7.39167,1
888,7.4,1
889,7.40833,1
890,7.41667,1
891,7.425,1
892,7.43333,1
893,7.44167,2
894,7.45,2
895,7.45833,2
896,7.46667,3
897,7.475,3
898,7.48333,3
899,7.49167,3
900,7.5,3
901,7.50833,3
902,7.51667,3
903,7.525,3
904,7.53333,3
905,7.54167,3
906,7.55,3
907,7.55833,3
908,7.56667,3
909,7.575,3
910,7.58333,3
911,7.59167,3
912,7.6,2
913,7.60833,2
914,7.61667,2
915,7.625,2
916,7.63333,2
917,7.64167,2
918,7.65,2
919,7.65833,2
920,7.66667,2
921,7.675,2
922,7.68333,2
923,7.69167,2
924,7.7,2
925,7.70833,2
926,7.71667,2
927,7.725,2
928,7.73333,2
929,7.74167,2
930,7.75,2
931,7.75833,2
932,7.76667,2
933,7.775,1
934,7.78333,1
935,7.79167,2
936,7.8,2
937,7.80833,2
938,7.81667,2
939,7.825,2
940,7.83333,2
941,7.84167,2
942,7.85,2
943,7.85833,2
944,7.86667,2
945,7.875,2
946,7.88333,2
947,7.89167,2
948,7.9,2
949,7.90833,2
950,7.91667,2
951,7.925,2
952,7.93333,2
953,7.94167,2
954,7.95,2
955,7.95833,2
956,7.96667,2
957,7.975,2
958,7.98333,2
959,7.99167,2
960,8.0,2
961,8.00833,2
962,8.01667,2
963,8.025,2
964,8.03333,2
965,8.04167,2
966,8.05,2
967,8.05833,2
968,8.06667,2
969,8.075,2
970,8.08333,2
971,8.09167,2
972,8.1,2
973,8.10833,2
974,8.11667,2
975,8.125,2
976,8.13333,2
977,8.14167,2
978,8.15,2
979,8.15833,2
980,8.16667,2
981,8.175,2
982,8.18333,2
983,8.19167,2
984,8.2,2
985,8.20833,2
986,8.21667,2
987,8.225,2
988,8.23333,2
989,8.24167,2
990,8.25,2
991,8.25833,2
992,8.26667,3
993,8.275,3
994,8.28333,3
995,8.29167,3
996,8.3,3
997,8.30833,3
998,8.31667,2
999,8.325,3
1000,8.33333,3
1001,8.34167,2
1002,8.35,2
1003,8.35833,2
1004,8.36667,2
1005,8.375,2
1006,8.38333,2
1007,8.39167,2
1008,8.4,2
1009,8.40833,2
1010,8.41667,2
1011,8.425,3
1012,8.43333,3
1013,8.44167,3
1014,8.45,3
1015,8.45833,3
1016,8.46667,3
1017,8.475,3
1018,8.48333,3
1019,8.49167,3
1020,8.5,3
1021,8.50833,3
1022,8.51667,3
1023,8.525,3
1024,8.53333,4
1025,8.54167,4
1026,8.55,4
1027,8.55833,4
1028,8.56667,4
1029,8.575,3
1030,8.58333,3
1031,8.59167,3
1032,8.6,3
1033,8.60833,3
1034,8.61667,2
1035,8.625,2
1036,8.63333,3
1037,8.64167,3
1038,8.65,3
1039,8.65833,3
1040,8.66667,3
1041,8.675,3
1042,8.68333,2
1043,8.69167,2
1044,8.7,1
1045,8.70833,1
1046,8.71667,1
1047,8.725,1
1048,8.73333,1
1049,8.74167,1
1050,8.75,2
1051,8.75833,2
1052,8.76667,2
1053,8.775,2
1054,8.78333,2
1055,8.79167,2
1056,8.8,2
1057,8.80833,2
1058,8.81667,2
1059,8.825,2
1060,8.83333,2
1061,8.84167,2
1062,8.85,2
1063,8.85833,2
1064,8.86667,2
1065,8.875,2
1066,8.88333,2
1067,8.89167,2
1068,8.9,3
1069,8.90833,3
1070,8.91667,3
1071,8.925,3
1072,8.93333,3
1073,8.94167,3
1074,8.95,3
1075,8.95833,3
1076,8.96667,3
1077,8.975,3
1078,8.98333,3
1079,8.99167,3
1080,9.0,3
1081,9.00833,3
1082,9.01667,3
1083,9.025,3
1084,9.03333,3
1085,9.04167,3
1086,9.05,2
1087,9.05833,2
1088,9.06667,2
1089,9.075,2
1090,9.08333,2
1091,9.09167,3
1092,9.1,3
1093,9.10833,3
1094,9.11667,3
1095,9.125,3
1096,9.13333,3
1097,9.14167,3
1098,9.15,3
1099,9.15833,3
1100,9.16667,3
1101,9.175,3
1102,9.18333,3
1103,9.19167,3
1104,9.2,3
1105,9.20833,3
1106,9.21667,3
1107,9.225,3
1108,9.23333,4
1109,9.24167,4
1110,9.25,4
1111,9.25833,4
1112,9.26667,4
1113,9.275,4
1114,9.28333,3
1115,9.29167,3
1116,9.3,3
1117,9.30833,3
1118,9.31667,3
1119,9.325,4
1120,9.33333,4
1121,9.34167,4
1122,9.35,4
1123,9.35833,4
1124,9.36667,3
1125,9.375,3
1126,9.38333,3
1127,9.39167,3
1128,9.4,3
1129,9.40833,4
1130,9.41667,4
1131,9.425,3
1132,9.43333,3
1133,9.44167,3
1134,9.45,3
1135,9.45833,3
1136,9.46667,3
1137,9.475,3
1138,9.48333,3
1139,9.49167,3
1140,9.5,3
1141,9.50833,3
1142,9.51667,3
1143,9.525,3
1144,9.53333,3
1145,9.54167,3
1146,9.55,3
1147,9.55833,4
1148,9.56667,4
1149,9.575,4
1150,9.58333,4
1151,9.59167,3
1152,9.6,4
1153,9.60833,4
1154,9.61667,3
1155,9.625,3
1156,9.63333,3
1157,9.64167,3
1158,9.65,3
1159,9.65833,3
1160,9.66667,4
1161,9.675,4
1162,9.68333,4
1163,9.69167,4
1164,9.7,4
1165,9.70833,4
1166,9.71667,4
1167,9.725,4
1168,9.73333,4
1169,9.74167,4
1170,9.75,5
1171,9.75833,5
1172,9.76667,5
1173,9.775,5
1174,9.78333,4
1175,9.79167,4
1176,9.8,3
1177,9.80833,3
1178,9.81667,3
1179,9.825,3
1180,9.83333,4
1181,9.84167,4
1182,9.85,4
1183,9.85833,3
1184,9.86667,3
1185,9.875,3
1186,9.88333,3
1187,9.89167,3
1188,9.9,3
1189,9.90833,3
1190,9.91667,3
1191,9.925,3
1192,9.93333,3
1193,9.94167,3
1194,9.95,4
1195,9.95833,4
1196,9.96667,4
1197,9.975,4
1198,9.98333,3
1199,9.99167,3
1200,10.0,3
1201,10.00833,2
1202,10.01667,3
1203,10.025,3
1204,10.03333,3
1205,10.04167,3
1206,10.05,3
1207,10.05833,3
1208,10.06667,4
1209,10.075,4
1210,10.08333,4
1211,10.09167,5
1212,10.1,5
1213,10.10833,5
1214,10.11667,5
1215,10.125,4
1216,10.13333,4
1217,10.14167,4
1218,10.15,4
1219,10.15833,4
1220,10.16667,5
1221,10.175,5
1222,10.18333,5
1223,10.19167,4
1224,10.2,4
1225,10.20833,4
1226,10.21667,5
1227,10.225,4
1228,10.23333,5
1229,10.24167,5
1230,10.25,5
1231,10.25833,5
1232,10.26667,6
1233,10.275,6
1234,10.28333,6
1235,10.29167,6
1236,10.3,5
1237,10.30833,5
1238,10.31667,5
1239,10.325,5
1240,10.33333,4
1241,10.34167,3
1242,10.35,1
1243,10.35833,-1
1244,10.36667,-4
1245,10.375,-9
1246,10.38333,-15
1247,10.39167,-23
1248,10.4,-34
1249,10.40833,-48
1250,10.41667,-66
1251,10.425,-87
1252,10.43333,-112
1253,10.44167,-143
1254,10.45,-178
1255,10.45833,-217
1256,10.46667,-260
1257,10.475,-306
1258,10.48333,-354
1259,10.49167,-401
1260,10.5,-445
1261,10.50833,-485
1262,10.51667,-516
1263,10.525,-536
1264,10.53333,-541
1265,10.54167,-525
1266,10.55,-485
1267,10.55833,-415
1268,10.56667,-311
1269,10.575,-168
1270,10.58333,20
1271,10.59167,256
1272,10.6,547
1273,10.60833,898
1274,10.61667,1312
1275,10.625,1795
1276,10.63333,2350
1277,10.64167,2981
1278,10.65,3692
1279,10.65833,4485
1280,10.66667,5364
1281,10.675,6331
1282,10.68333,7387
1283,10.69167,8535
1284,10.7,9774
1285,10.70833,11106
1286,10.71667,12530
1287,10.725,14047
1288,10.73333,15653
1289,10.74167,17349
1290,10.75,19130
1291,10.75833,20995
1292,10.76667,22938
1293,10.775,24956
1294,10.78333,27042
1295,10.79167,29188
1296,10.8,31388
1297,10.80833,33632
1298,10.81667,35909
1299,10.825,38209
1300,10.83333,40517
1301,10.84167,42820
1302,10.85,45103
1303,10.85833,47350
1304,10.86667,49544
1305,10.875,51667
1306,10.88333,53701
1307,10.89167,55629
1308,10.9,57432
1309,10.90833,59096
1310,10.91667,60604
1311,10.925,61942
1312,10.93333,63097
1313,10.94167,64059
1314,10.95,64819
1315,10.95833,65370
1316,10.96667,65705
1317,10.975,65821
1318,10.98333,65716
1319,10.99167,65388
1320,11.0,64837
1321,11.00833,64066
1322,11.01667,63078
1323,11.025,61879
1324,11.03333,60478
1325,11.04167,58884
1326,11.05,57112
1327,11.05833,55177
1328,11.06667,53096
1329,11.075,50890
1330,11.08333,48582
1331,11.09167,46194
1332,11.1,43752
1333,11.10833,41280
1334,11.11667,38801
1335,11.125,36339
1336,11.13333,33915
1337,11.14167,31546
1338,11.15,29250
1339,11.15833,27040
1340,11.16667,24927
1341,11.175,22919
1342,11.18333,21022
1343,11.19167,19239
1344,11.2,17572
1345,11.20833,16019
1346,11.21667,14579
1347,11.225,13248
1348,11.23333,12023
1349,11.24167,10896
1350,11.25,9864
1351,11.25833,8920
1352,11.26667,8058
1353,11.275,7273
1354,11.28333,6559
1355,11.29167,5910
1356,11.3,5321
1357,11.30833,4785
1358,11.31667,4299
1359,11.325,3859
1360,11.33333,3460
1361,11.34167,3098
1362,11.35,2770
1363,11.35833,2473
1364,11.36667,2204
1365,11.375,1960
1366,11.38333,1739
1367,11.39167,1538
1368,11.4,1356
1369,11.40833,1192
1370,11.41667,1042
1371,11.425,906
1372,11.43333,782
1373,11.44167,670
1374,11.45,570
1375,11.45833,478
1376,11.46667,394
1377,11.475,318
1378,11.48333,249
1379,11.49167,186
1380,11.5,129
1381,11.50833,78
1382,11.51667,31
1383,11.525,-12
1384,11.53333,-50
1385,11.54167,-85
1386,11.55,-117
1387,11.55833,-146
1388,11.56667,-172
1389,11.575,-196
1390,11.58333,-218
1391,11.59167,-237
1392,11.6,-255
1393,11.60833,-270
1394,11.61667,-284
1395,11.625,-297
1396,11.63333,-309
1397,11.64167,-320
1398,11.65,-330
1399,11.65833,-338
1400,11.66667,-346
1401,11.675,-352
1402,11.68333,-358
1403,11.69167,-363
1404,11.7,-368
1405,11.70833,-371
1406,11.71667,-374
1407,11.725,-377
1408,11.73333,-379
1409,11.74167,-381
1410,11.75,-382
1411,11.75833,-383
1412,11.76667,-384
1413,11.775,-384
1414,11.78333,-383
1415,11.79167,-383
1416,11.8,-382
1417,11.80833,-381
1418,11.81667,-380
1419,11.825,-378
1420,11.83333,-376
1421,11.84167,-374
1422,11.85,-371
1423,11.85833,-369
1424,11.86667,-365
1425,11.875,-362
1426,11.88333,-358
1427,11.89167,-354
1428,11.9,-350
1429,11.90833,-345
1430,11.91667,-340
1431,11.925,-334
1432,11.93333,-329
1433,11.94167,-323
1434,11.95,-318
1435,11.95833,-311
1436,11.96667,-305
1437,11.975,-298
1438,11.98333,-291
1439,11.99167,-284
1440,12.0,-277
1441,12.00833,-270
1442,12.01667,-262
1443,12.025,-255
1444,12.03333,-247
1445,12.04167,-239
1446,12.05,-231
1447,12.05833,-223
1448,12.06667,-216
1449,12.075,-208
1450,12.08333,-201
1451,12.09167,-194
1452,12.1,-187
1453,12.10833,-180
1454,12.11667,-173
1455,12.125,-166
1456,12.13333,-160
1457,12.14167,-154
1458,12.15,-148
1459,12.15833,-142
1460,12.16667,-136
1461,12.175,-131
1462,12.18333,-126
1463,12.19167,-121
1464,12.2,-117
1465,12.20833,-113
1466,12.21667,-109
1467,12.225,-105
1468,12.23333,-102
1469,12.24167,-99
1470,12.25,-96
1471,12.25833,-93
1472,12.26667,-90
1473,12.275,-88
1474,12.28333,-86
1475,12.29167,-84
1476,12.3,-83
1477,12.30833,-81
1478,12.31667,-80
1479,12.325,-80
1480,12.33333,-79
1481,12.34167,-79
1482,12.35,-78
1483,12.35833,-78
1484,12.36667,-77
1485,12.375,-77
1486,12.38333,-76
1487,12.39167,-76
1488,12.4,-75
1489,12.40833,-75
1490,12.41667,-74
1491,12.425,-75
1492,12.43333,-75
1493,12.44167,-75
1494,12.45,-76
1495,12.45833,-76
1496,12.46667,-76
1497,12.475,-76
1498,12.48333,-76
1499,12.49167,-75
1500,12.5,-75
1501,12.50833,-74
1502,12.51667,-74
1503,12.525,-73
1504,12.53333,-72
1505,12.54167,-71
1506,12.55,-69
1507,12.55833,-67
1508,12.56667,-63
1509,12.575,-60
1510,12.58333,-55
1511,12.59167,-50
1512,12.6,-44
1513,12.60833,-36
1514,12.61667,-27
1515,12.625,-16
1516,12.63333,-4
1517,12.64167,10
1518,12.65,26
1519,12.65833,46
1520,12.66667,67
1521,12.675,92
1522,12.68333,119
1523,12.69167,150
1524,12.7,184
1525,12.70833,221
1526,12.71667,262
1527,12.725,307
1528,12.73333,357
1529,12.74167,410
1530,12.75,469
1531,12.75833,531
1532,12.76667,599
1533,12.775,671
1534,12.78333,749
1535,12.79167,833
1536,12.8,922
1537,12.80833,1018
1538,12.81667,1121
1539,12.825,1231
1540,12.83333,1348
1541,12.84167,1474
1542,12.85,1610
1543,12.85833,1755
1544,12.86667,1912
1545,12.875,2082
1546,12.88333,2266
1547,12.89167,2466
1548,12.9,2682
1549,12.90833,2917
1550,12.91667,3172
1551,12.925,3451
1552,12.93333,3754
1553,12.94167,4085
1554,12.95,4445
1555,12.95833,4837
1556,12.96667,5264
1557,12.975,5729
1558,12.98333,6233
1559,12.99167,6778
1560,13.0,7366
1561,13.00833,8000
1562,13.01667,8681
1563,13.025,9410
1564,13.03333,10188
1565,13.04167,11015
1566,13.05,11892
1567,13.05833,12818
1568,13.06667,13792
1569,13.075,14813
1570,13.08333,15878
1571,13.09167,16985
1572,13.1,18132
1573,13.10833,19314
1574,13.11667,20528
1575,13.125,21770
1576,13.13333,23035
1577,13.14167,24318
1578,13.15,25615
1579,13.15833,26919
1580,13.16667,28226
1581,13.175,29531
1582,13.18333,30827
1583,13.19167,32111
1584,13.2,33376
1585,13.20833,34619
1586,13.21667,35835
1587,13.225,37020
1588,13.23333,38170
1589,13.24167,39282
1590,13.25,40353
1591,13.25833,41380
1592,13.26667,42361
1593,13.275,43295
1594,13.28333,44179
1595,13.29167,45013
1596,13.3,45797
1597,13.30833,46529
1598,13.31667,47210
1599,13.325,47840
1600,13.33333,48419
1601,13.34167,48948
1602,13.35,49428
1603,13.35833,49859
1604,13.36667,50242
1605,13.375,50579
1606,13.38333,50871
1607,13.39167,51120
1608,13.4,51327
1609,13.40833,51492
1610,13.41667,51618
1611,13.425,51706
1612,13.43333,51759
1613,13.44167,51778
1614,13.45,51763
1615,13.45833,51718
1616,13.46667,51643
1617,13.475,51542
1618,13.48333,51416
1619,13.49167,51267
1620,13.5,51097
1621,13.50833,50907
1622,13.51667,50701
1623,13.525,50480
1624,13.53333,50247
1625,13.54167,50003
1626,13.55,49752
1627,13.55833,49494
1628,13.56667,49232
1629,13.575,48969
1630,13.58333,48706
1631,13.59167,48445
1632,13.6,48189
1633,13.60833,47939
1634,13.61667,47698
1635,13.625,47467
1636,13.63333,47247
1637,13.64167,47041
1638,13.65,46849
1639,13.65833,46672
1640,13.66667,46513
1641,13.675,46372
1642,13.68333,46249
1643,13.69167,46147
1644,13.7,46066
1645,13.70833,46006
1646,13.71667,45968
1647,13.725,45952
1648,13.73333,45959
1649,13.74167,45989
1650,13.75,46042
1651,13.75833,46117
1652,13.76667,46216
1653,13.775,46338
1654,13.78333,46483
1655,13.79167,46651
1656,13.8,46842
1657,13.80833,47054
1658,13.81667,47288
1659,13.825,47544
1660,13.83333,47820
1661,13.84167,48116
1662,13.85,48433
1663,13.85833,48769
1664,13.86667,49124
1665,13.875,49497
1666,13.88333,49889
1667,13.89167,50299
1668,13.9,50725
1669,13.90833,51169
1670,13.91667,51628
1671,13.925,52103
1672,13.93333,52594
1673,13.94167,53099
1674,13.95,53618
1675,13.95833,54151
1676,13.96667,54698
1677,13.975,55258
1678,13.98333,55831
1679,13.99167,56416
1680,14.0,57013
1681,14.00833,57622
1682,14.01667,58242
1683,14.025,58874
1684,14.03333,59517
1685,14.04167,60171
1686,14.05,60835
1687,14.05833,61510
1688,14.06667,62196
1689,14.075,62891
1690,14.08333,63595
1691,14.09167,64310
1692,14.1,65034
1693,14.10833,65766
1694,14.11667,66506
1695,14.125,67253
1696,14.13333,68003
1697,14.14167,68755
1698,14.15,69505
1699,14.15833,70248
1700,14.16667,70976
1701,14.175,71682
1702,14.18333,72358
1703,14.19167,72995
1704,14.2,73581
1705,14.20833,74108
1706,14.21667,74565
1707,14.225,74941
1708,14.23333,75229
1709,14.24167,75421
1710,14.25,75511
1711,14.25833,75494
1712,14.26667,75367
1713,14.275,75129
1714,14.28333,74778
1715,14.29167,74315
1716,14.3,73741
1717,14.30833,73057
1718,14.31667,72266
1719,14.325,71369
1720,14.33333,70365
1721,14.34167,69256
1722,14.35,68041
1723,14.35833,66718
1724,14.36667,65287
1725,14.375,63746
1726,14.38333,62095
1727,14.39167,60331
1728,14.4,58455
1729,14.40833,56469
1730,14.41667,54377
1731,14.425,52185
1732,14.43333,49901
1733,14.44167,47537
1734,14.45,45107
1735,14.45833,42627
1736,14.46667,40115
1737,14.475,37592
1738,14.48333,35078
1739,14.49167,32594
1740,14.5,30161
1741,14.50833,27798
1742,14.51667,25521
1743,14.525,23346
1744,14.53333,21284
1745,14.54167,19345
1746,14.55,17534
1747,14.55833,15856
1748,14.56667,14310
1749,14.575,12896
1750,14.58333,11608
1751,14.59167,10443
1752,14.6,9393
1753,14.60833,8451
1754,14.61667,7609
1755,14.625,6859
1756,14.63333,6193
1757,14.64167,5602
1758,14.65,5079
1759,14.65833,4617
1760,14.66667,4209
1761,14.675,3850
1762,14.68333,3532
1763,14.69167,3252
1764,14.7,3005
1765,14.70833,2787
1766,14.71667,2594
1767,14.725,2423
1768,14.73333,2271
1769,14.74167,2136
1770,14.75,2016
1771,14.75833,1908
1772,14.76667,1811
1773,14.775,1724
1774,14.78333,1645
1775,14.79167,1574
1776,14.8,1509
1777,14.80833,1450
1778,14.81667,1397
1779,14.825,1347
1780,14.83333,1302
1781,14.84167,1261
1782,14.85,1223
1783,14.85833,1187
1784,14.86667,1153
1785,14.875,1122
1786,14.88333,1093
1787,14.89167,1066
1788,14.9,1040
1789,14.90833,1016
1790,14.91667,994
1791,14.925,972
1792,14.93333,952
1793,14.94167,933
1794,14.95,914
1795,14.95833,897
1796,14.96667,880
1797,14.975,864
1798,14.98333,849
1799,14.99167,835
1800,15.0,821
1801,15.00833,807
1802,15.01667,794
1803,15.025,782
1804,15.03333,771
1805,15.04167,760
1806,15.05,750
1807,15.05833,741
1808,15.06667,732
1809,15.075,725
1810,15.08333,719
1811,15.09167,713
1812,15.1,709
1813,15.10833,707
1814,15.11667,706
1815,15.125,708
1816,15.13333,713
1817,15.14167,720
1818,15.15,731
1819,15.15833,746
1820,15.16667,767
1821,15.175,794
1822,15.18333,827
1823,15.19167,868
1824,15.2,918
1825,15.20833,978
1826,15.21667,1050
1827,15.225,1135
1828,15.23333,1234
1829,15.24167,1350
1830,15.25,1483
1831,15.25833,1636
1832,15.26667,1810
1833,15.275,2006
1834,15.28333,2227
1835,15.29167,2473
1836,15.3,2747
1837,15.30833,3050
1838,15.31667,3383
1839,15.325,3746
1840,15.33333,4141
1841,15.34167,4568
1842,15.35,5027
1843,15.35833,5518
1844,15.36667,6040
1845,15.375,6594
1846,15.38333,7177
1847,15.39167,7788
1848,15.4,8425
1849,15.40833,9086
1850,15.41667,9768
1851,15.425,10469
1852,15.43333,11186
1853,15.44167,11914
1854,15.45,12652
1855,15.45833,13396
1856,15.46667,14142
1857,15.475,14887
1858,15.48333,15626
1859,15.49167,16357
1860,15.5,17076
1861,15.50833,17779
1862,15.51667,18464
1863,15.525,19129
1864,15.53333,19770
1865,15.54167,20385
1866,15.55,20972
1867,15.55833,21530
1868,15.56667,22056
1869,15.575,22551
1870,15.58333,23013
1871,15.59167,23441
1872,15.6,23835
1873,15.60833,24196
1874,15.61667,24522
1875,15.625,24815
1876,15.63333,25075
1877,15.64167,25301
1878,15.65,25496
1879,15.65833,25658
1880,15.66667,25788
1881,15.675,25888
1882,15.68333,25958
1883,15.69167,25998
1884,15.7,26009
1885,15.70833,25992
1886,15.71667,25947
1887,15.725,25875
1888,15.73333,25776
1889,15.74167,25650
1890,15.75,25499
1891,15.75833,25321
1892,15.76667,25119
1893,15.775,24892
1894,15.78333,24641
1895,15.79167,24366
1896,15.8,24069
1897,15.80833,23748
1898,15.81667,23405
1899,15.825,23041
1900,15.83333,22657
1901,15.84167,22255
1902,15.85,21834
1903,15.85833,21395
1904,15.86667,20940
1905,15.875,20471
1906,15.88333,19987
1907,15.89167,19492
1908,15.9,18986
1909,15.90833,18471
1910,15.91667,17948
1911,15.925,17419
1912,15.93333,16885
1913,15.94167,16347
1914,15.95,15809
1915,15.95833,15270
1916,15.96667,14731
1917,15.975,14196
1918,15.98333,13664
1919,15.99167,13138
1920,16.0,12618
1921,16.00833,12105
1922,16.01667,11601
1923,16.025,11106
1924,16.03333,10622
1925,16.04167,10149
1926,16.05,9688
1927,16.05833,9241
1928,16.06667,8806
1929,16.075,8386
1930,16.08333,7979
1931,16.09167,7587
1932,16.1,7210
1933,16.10833,6849
1934,16.11667,6503
1935,16.125,6173
1936,16.13333,5860
1937,16.14167,5563
1938,16.15,5283
1939,16.15833,5019
1940,16.16667,4773
1941,16.175,4544
1942,16.18333,4332
1943,16.19167,4139
1944,16.2,3964
1945,16.20833,3808
1946,16.21667,3671
1947,16.225,3554
1948,16.23333,3458
1949,16.24167,3382
1950,16.25,3328
1951,16.25833,3296
1952,16.26667,3287
1953,16.275,3302
1954,16.28333,3341
1955,16.29167,3404
1956,16.3,3492
1957,16.30833,3606
1958,16.31667,3746
1959,16.325,3911
1960,16.33333,4103
1961,16.34167,4320
1962,16.35,4563
1963,16.35833,4831
1964,16.36667,5124
1965,16.375,5441
1966,16.38333,5780
1967,16.39167,6141
1968,16.4,6522
1969,16.40833,6921
1970,16.41667,7337
1971,16.425,7767
1972,16.43333,8210
1973,16.44167,8664
1974,16.45,9125
1975,16.45833,9592
1976,16.46667,10063
1977,16.475,10535
1978,16.48333,11005
1979,16.49167,11472
1980,16.5,11933
1981,16.50833,12386
1982,16.51667,12828
1983,16.525,13259
1984,16.53333,13677
1985,16.54167,14080
1986,16.55,14466
1987,16.55833,14835
1988,16.56667,15186
1989,16.575,15518
1990,16.58333,15830
1991,16.59167,16122
1992,16.6,16393
1993,16.60833,16643
1994,16.61667,16873
1995,16.625,17083
1996,16.63333,17273
1997,16.64167,17443
1998,16.65,17592
1999,16.65833,17723
2000,16.66667,17834
2001,16.675,17927
2002,16.68333,18002
2003,16.69167,18059
2004,16.7,18098
2005,16.70833,18120
2006,16.71667,18125
2007,16.725,18114
2008,16.73333,18087
2009,16.74167,18043
2010,16.75,17983
2011,16.75833,17907
2012,16.76667,17815
2013,16.775,17708
2014,16.78333,17585
2015,16.79167,17446
2016,16.8,17293
2017,16.80833,17125
2018,16.81667,16943
2019,16.825,16746
2020,16.83333,16536
2021,16.84167,16312
2022,16.85,16076
2023,16.85833,15828
2024,16.86667,15569
2025,16.875,15299
2026,16.88333,15020
2027,16.89167,14733
2028,16.9,14440
2029,16.90833,14141
2030,16.91667,13839
2031,16.925,13534
2032,16.93333,13229
2033,16.94167,12924
2034,16.95,12623
2035,16.95833,12326
2036,16.96667,12037
2037,16.975,11756
2038,16.98333,11487
2039,16.99167,11230
2040,17.0,10989
2041,17.00833,10765
2042,17.01667,10560
2043,17.025,10376
2044,17.03333,10215
2045,17.04167,10080
2046,17.05,9970
2047,17.05833,9887
2048,17.06667,9833
2049,17.075,9809
2050,17.08333,9816
2051,17.09167,9853
2052,17.1,9921
2053,17.10833,10020
2054,17.11667,10149
2055,17.125,10309
2056,17.13333,10498
2057,17.14167,10715
2058,17.15,10958
2059,17.15833,11226
2060,17.16667,11517
2061,17.175,11829
2062,17.18333,12160
2063,17.19167,12507
2064,17.2,12867
2065,17.20833,13238
2066,17.21667,13618
2067,17.225,14003
2068,17.23333,14391
2069,17.24167,14780
2070,17.25,15167
2071,17.25833,15550
2072,17.26667,15926
2073,17.275,16294
2074,17.28333,16651
2075,17.29167,16996
2076,17.3,17327
2077,17.30833,17643
2078,17.31667,17943
2079,17.325,18227
2080,17.33333,18493
2081,17.34167,18741
2082,17.35,18971
2083,17.35833,19183
2084,17.36667,19376
2085,17.375,19551
2086,17.38333,19707
2087,17.39167,19846
2088,17.4,19967
2089,17.40833,20071
2090,17.41667,20158
2091,17.425,20229
2092,17.43333,20283
2093,17.44167,20322
2094,17.45,20345
2095,17.45833,20353
2096,17.46667,20345
2097,17.475,20323
2098,17.48333,20285
2099,17.49167,20234
2100,17.5,20168
2101,17.50833,20088
2102,17.51667,19993
2103,17.525,19883
2104,17.53333,19759
2105,17.54167,19621
2106,17.55,19468
2107,17.55833,19300
2108,17.56667,19118
2109,17.575,18921
2110,17.58333,18710
2111,17.59167,18484
2112,17.6,18245
2113,17.60833,17991
2114,17.61667,17724
2115,17.625,17444
2116,17.63333,17151
2117,17.64167,16845
2118,17.65,16528
2119,17.65833,16200
2120,17.66667,15862
2121,17.675,15515
2122,17.68333,15158
2123,17.69167,14794
2124,17.7,14423
2125,17.70833,14046
2126,17.71667,13663
2127,17.725,13277
2128,17.73333,12888
2129,17.74167,12497
2130,17.75,12104
2131,17.75833,11712
2132,17.76667,11321
2133,17.775,10931
2134,17.78333,10544
2135,17.79167,10160
2136,17.8,9780
2137,17.80833,9406
2138,17.81667,9037
2139,17.825,8674
2140,17.83333,8319
2141,17.84167,7970
2142,17.85,7630
2143,17.85833,7299
2144,17.86667,6976
2145,17.875,6663
2146,17.88333,6358
2147,17.89167,6063
2148,17.9,5779
2149,17.90833,5504
2150,17.91667,5240
2151,17.925,4985
2152,17.93333,4740
2153,17.94167,4505
2154,17.95,4280
2155,17.95833,4065
2156,17.96667,3859
2157,17.975,3663
2158,17.98333,3476
2159,17.99167,3299
2160,18.0,3130
2161,18.00833,2969
2162,18.01667,2816
2163,18.025,2672
2164,18.03333,2535
2165,18.04167,2405
2166,18.05,2283
2167,18.05833,2167
2168,18.06667,2058
2169,18.075,1956
2170,18.08333,1859
2171,18.09167,1767
2172,18.1,1681
2173,18.10833,1601
2174,18.11667,1525
2175,18.125,1454
2176,18.13333,1387
2177,18.14167,1324
2178,18.15,1265
2179,18.15833,1210
2180,18.16667,1158
2181,18.175,1109
2182,18.18333,1063
2183,18.19167,1020
2184,18.2,980
2185,18.20833,942
2186,18.21667,906
2187,18.225,873
2188,18.23333,843
2189,18.24167,813
2190,18.25,786
2191,18.25833,759
2192,18.26667,734
2193,18.275,711
2194,18.28333,689
2195,18.29167,668
2196,18.3,649
2197,18.30833,631
2198,18.31667,613
2199,18.325,597
2200,18.33333,581
2201,18.34167,566
2202,18.35,552
2203,18.35833,539
2204,18.36667,526
2205,18.375,515
2206,18.38333,504
2207,18.39167,493
2208,18.4,483
2209,18.40833,473
2210,18.41667,463
2211,18.425,454
2212,18.43333,445
2213,18.44167,437
2214,18.45,429
2215,18.45833,421
2216,18.46667,414
2217,18.475,407
2218,18.48333,401
2219,18.49167,394
2220,18.5,388
2221,18.50833,382
2222,18.51667,376
2223,18.525,371
2224,18.53333,366
2225,18.54167,360
2226,18.55,355
2227,18.55833,350
2228,18.56667,345
2229,18.575,340
2230,18.58333,336
2231,18.59167,332
2232,18.6,328
2233,18.60833,324
2234,18.61667,320
2235,18.625,317
2236,18.63333,314
2237,18.64167,311
2238,18.65,308
2239,18.65833,305
2240,18.66667,301
2241,18.675,298
2242,18.68333,295
2243,18.69167,292
2244,18.7,289
2245,18.70833,286
2246,18.71667,284
2247,18.725,281
2248,18.73333,279
2249,18.74167,277
2250,18.75,274
2251,18.75833,272
2252,18.76667,269
2253,18.775,267
2254,18.78333,265
2255,18.79167,263
2256,18.8,262
2257,18.80833,260
2258,18.81667,259
2259,18.825,257
2260,18.83333,256
2261,18.84167,254
2262,18.85,253
2263,18.85833,251
2264,18.86667,250
2265,18.875,248
2266,18.88333,247
2267,18.89167,245
2268,18.9,244
2269,18.90833,243
2270,18.91667,242
2271,18.925,241
2272,18.93333,240
2273,18.94167,239
2274,18.95,238
2275,18.95833,238
2276,18.96667,237
2277,18.975,236
2278,18.98333,235
2279,18.99167,234
2280,19.0,232
2281,19.00833,231
2282,19.01667,230
2283,19.025,230
2284,19.03333,229
2285,19.04167,228
2286,19.05,227
2287,19.05833,226
2288,19.06667,225
2289,19.075,224
2290,19.08333,223
2291,19.09167,223
2292,19.1,222
2293,19.10833,221
2294,19.11667,220
2295,19.125,220
2296,19.13333,219
2297,19.14167,218
2298,19.15,217
2299,19.15833,216
2300,19.16667,215
2301,19.175,214
2302,19.18333,214
2303,19.19167,213
2304,19.2,212
2305,19.20833,212
2306,19.21667,211
2307,19.225,211
2308,19.23333,210
2309,19.24167,209
2310,19.25,208
2311,19.25833,207
2312,19.26667,206
2313,19.275,205
2314,19.28333,204
2315,19.29167,203
2316,19.3,202
2317,19.30833,201
2318,19.31667,200
2319,19.325,198
2320,19.33333,198
2321,19.34167,197
2322,19.35,196
2323,19.35833,195
2324,19.36667,194
2325,19.375,194
2326,19.38333,193
2327,19.39167,192
2328,19.4,191
2329,19.40833,190
2330,19.41667,190
2331,19.425,189
2332,19.43333,187
2333,19.44167,186
2334,19.45,185
2335,19.45833,184
2336,19.46667,182
2337,19.475,181
2338,19.48333,180
2339,19.49167,179
2340,19.5,178
2341,19.50833,177
2342,19.51667,176
2343,19.525,175
2344,19.53333,175
2345,19.54167,174
2346,19.55,173
2347,19.55833,171
2348,19.56667,170
2349,19.575,169
2350,19.58333,168
2351,19.59167,167
2352,19.6,166
2353,19.60833,165
2354,19.61667,164
2355,19.625,163
2356,19.63333,162
2357,19.64167,161
2358,19.65,160
2359,19.65833,159
2360,19.66667,158
2361,19.675,157
2362,19.68333,156
2363,19.69167,155
2364,19.7,154
2365,19.70833,153
2366,19.71667,152
2367,19.725,151
2368,19.73333,150
2369,19.74167,149
2370,19.75,148
2371,19.75833,147
2372,19.76667,146
2373,19.775,145
2374,19.78333,144
2375,19.79167,143
2376,19.8,142
2377,19.80833,141
2378,19.81667,140
2379,19.825,139
2380,19.83333,139
2381,19.84167,138
2382,19.85,137
2383,19.85833,136
2384,19.86667,135
2385,19.875,135
2386,19.88333,135
2387,19.89167,134
2388,19.9,133
2389,19.90833,133
2390,19.91667,132
2391,19.925,131
2392,19.93333,130
2393,19.94167,129
2394,19.95,128
2395,19.95833,128
2396,19.96667,127
2397,19.975,126
2398,19.98333,125
2399,19.99167,125
2400,20.0,124
2401,20.00833,124
2402,20.01667,123
2403,20.025,123
2404,20.03333,122
2405,20.04167,121
2406,20.05,120
2407,20.05833,119
2408,20.06667,119
2409,20.075,118
2410,20.08333,117
2411,20.09167,116
2412,20.1,115
2413,20.10833,114
2414,20.11667,113
2415,20.125,112
2416,20.13333,111
2417,20.14167,111
2418,20.15,110
2419,20.15833,110
2420,20.16667,109
2421,20.175,108
2422,20.18333,108
2423,20.19167,107
2424,20.2,106
2425,20.20833,106
2426,20.21667,105
2427,20.225,104
2428,20.23333,104
2429,20.24167,103
2430,20.25,103
2431,20.25833,102
2432,20.26667,102
2433,20.275,101
2434,20.28333,100
2435,20.29167,100
2436,20.3,99
2437,20.30833,99
2438,20.31667,98
2439,20.325,98
2440,20.33333,97
2441,20.34167,96
2442,20.35,95
2443,20.35833,95
2444,20.36667,94
2445,20.375,93
2446,20.38333,93
2447,20.39167,93
2448,20.4,92
2449,20.40833,92
2450,20.41667,91
2451,20.425,90
2452,20.43333,90
2453,20.44167,89
2454,20.45,89
2455,20.45833,89
2456,20.46667,88
2457,20.475,88
2458,20.48333,87
2459,20.49167,87
2460,20.5,86
2461,20.50833,86
2462,20.51667,86
2463,20.525,86
2464,20.53333,85
2465,20.54167,84
2466,20.55,83
2467,20.55833,83
2468,20.56667,82
2469,20.575,81
2470,20.58333,81
2471,20.59167,80
2472,20.6,80
2473,20.60833,80
2474,20.61667,79
2475,20.625,79
2476,20.63333,79
2477,20.64167,79
2478,20.65,78
2479,20.65833,78
2480,20.66667,78
2481,20.675,77
2482,20.68333,77
2483,20.69167,77
2484,20.7,77
2485,20.70833,76
2486,20.71667,76
2487,20.725,75
2488,20.73333,74
2489,20.74167,74
2490,20.75,74
2491,20.75833,74
2492,20.76667,73
2493,20.775,73
2494,20.78333,73
2495,20.79167,72
2496,20.8,72
2497,20.80833,72
2498,20.81667,72
2499,20.825,71
2500,20.83333,71
2501,20.84167,70
2502,20.85,70
2503,20.85833,69
2504,20.86667,69
2505,20.875,69
2506,20.88333,68
2507,20.89167,68
2508,20.9,67
2509,20.90833,67
2510,20.91667,67
2511,20.925,67
2512,20.93333,67
2513,20.94167,66
2514,20.95,66
2515,20.95833,65
2516,20.96667,65
2517,20.975,64
2518,20.98333,64
2519,20.99167,63
2520,21.0,63
2521,21.00833,62
2522,21.01667,62
2523,21.025,62
2524,21.03333,62
2525,21.04167,62
2526,21.05,62
2527,21.05833,62
2528,21.06667,62
2529,21.075,62
2530,21.08333,61
2531,21.09167,61
2532,21.1,61
2533,21.10833,60
2534,21.11667,60
2535,21.125,60
2536,21.13333,59
2537,21.14167,59
2538,21.15,58
2539,21.15833,58
2540,21.16667,57
2541,21.175,57
2542,21.18333,56
2543,21.19167,56
2544,21.2,56
2545,21.20833,56
2546,21.21667,56
2547,21.225,56
2548,21.23333,56
2549,21.24167,56
2550,21.25,56
2551,21.25833,55
2552,21.26667,55
2553,21.275,55
2554,21.28333,54
2555,21.29167,54
2556,21.3,54
2557,21.30833,54
2558,21.31667,54
2559,21.325,54
2560,21.33333,54
2561,21.34167,54
2562,21.35,54
2563,21.35833,54
2564,21.36667,54
2565,21.375,54
2566,21.38333,54
2567,21.39167,53
2568,21.4,53
2569,21.40833,54
2570,21.41667,54
2571,21.425,54
2572,21.43333,54
2573,21.44167,54
2574,21.45,54
2575,21.45833,54
2576,21.46667,54
2577,21.475,54
2578,21.48333,54
2579,21.49167,54
2580,21.5,54
2581,21.50833,53
2582,21.51667,53
2583,21.525,53
2584,21.53333,53
2585,21.54167,53
2586,21.55,53
2587,21.55833,53
2588,21.56667,53
2589,21.575,52
2590,21.58333,52
2591,21.59167,52
2592,21.6,52
2593,21.60833,52
2594,21.61667,52
2595,21.625,52
2596,21.63333,52
2597,21.64167,52
2598,21.65,52
2599,21.65833,52
2600,21.66667,52
2601,21.675,51
2602,21.68333,51
2603,21.69167,51
2604,21.7,51
2605,21.70833,51
2606,21.71667,51
2607,21.725,52
2608,21.73333,52
2609,21.74167,52
2610,21.75,51
2611,21.75833,51
2612,21.76667,51
2613,21.775,51
2614,21.78333,51
2615,21.79167,51
2616,21.8,51
2617,21.80833,51
2618,21.81667,51
2619,21.825,50
2620,21.83333,50
2621,21.84167,49
2622,21.85,49
2623,21.85833,49
2624,21.86667,49
2625,21.875,49
2626,21.88333,49
2627,21.89167,49
2628,21.9,48
2629,21.90833,48
2630,21.91667,48
2631,21.925,48
2632,21.93333,47
2633,21.94167,47
2634,21.95,47
2635,21.95833,47
2636,21.96667,46
2637,21.975,47
2638,21.98333,47
2639,21.99167,47
2640,22.0,47
2641,22.00833,46
2642,22.01667,46
2643,22.025,46
2644,22.03333,45
2645,22.04167,45
2646,22.05,45
2647,22.05833,44
2648,22.06667,44
2649,22.075,44
2650,22.08333,45
2651,22.09167,44
2652,22.1,44
2653,22.10833,44
2654,22.11667,43
2655,22.125,42
2656,22.13333,43
2657,22.14167,43
2658,22.15,43
2659,22.15833,43
2660,22.16667,42
2661,22.175,42
2662,22.18333,42
2663,22.19167,42
2664,22.2,42
2665,22.20833,42
2666,22.21667,42
2667,22.225,42
2668,22.23333,42
2669,22.24167,42
2670,22.25,41
2671,22.25833,41
2672,22.26667,41
2673,22.275,41
2674,22.28333,41
2675,22.29167,41
2676,22.3,41
2677,22.30833,41
2678,22.31667,40
2679,22.325,40
2680,22.33333,40
2681,22.34167,40
2682,22.35,40
2683,22.35833,40
2684,22.36667,40
2685,22.375,40
2686,22.38333,40
2687,22.39167,40
2688,22.4,40
2689,22.40833,40
2690,22.41667,40
2691,22.425,40
2692,22.43333,41
2693,22.44167,40
2694,22.45,40
2695,22.45833,40
2696,22.46667,39
2697,22.475,39
2698,22.48333,39
2699,22.49167,39
2700,22.5,39
2701,22.50833,39
2702,22.51667,39
2703,22.525,39
2704,22.53333,39
2705,22.54167,39
2706,22.55,39
2707,22.55833,39
2708,22.56667,39
2709,22.575,39
2710,22.58333,40
2711,22.59167,39
2712,22.6,39
2713,22.60833,40
2714,22.61667,40
2715,22.625,40
2716,22.63333,40
2717,22.64167,40
2718,22.65,40
2719,22.65833,40
2720,22.66667,40
2721,22.675,41
2722,22.68333,41
2723,22.69167,41
2724,22.7,41
2725,22.70833,41
2726,22.71667,41
2727,22.725,41
2728,22.73333,40
2729,22.74167,40
2730,22.75,40
2731,22.75833,41
2732,22.76667,41
2733,22.775,41
2734,22.78333,41
2735,22.79167,41
2736,22.8,41
2737,22.80833,41
2738,22.81667,42
2739,22.825,42
2740,22.83333,42
2741,22.84167,42
2742,22.85,42
2743,22.85833,42
2744,22.86667,42
2745,22.875,42
2746,22.88333,42
2747,22.89167,42
2748,22.9,42
2749,22.90833,41
2750,22.91667,42
2751,22.925,42
2752,22.93333,42
2753,22.94167,42
2754,22.95,42
2755,22.95833,42
2756,22.96667,42
2757,22.975,42
2758,22.98333,42
2759,22.99167,42
2760,23.0,41
2761,23.00833,41
2762,23.01667,41
2763,23.025,41
2764,23.03333,41
2765,23.04167,41
2766,23.05,42
2767,23.05833,42
2768,23.06667,42
2769,23.075,42
2770,23.08333,42
2771,23.09167,42
2772,23.1,42
2773,23.10833,42
2774,23.11667,42
2775,23.125,42
2776,23.13333,42
2777,23.14167,42
2778,23.15,41
2779,23.15833,41
2780,23.16667,41
2781,23.175,40
2782,23.18333,40
2783,23.19167,40
2784,23.2,40
2785,23.20833,40
2786,23.21667,40
2787,23.225,40
2788,23.23333,39
2789,23.24167,39
2790,23.25,39
2791,23.25833,39
2792,23.26667,39
2793,23.275,39
2794,23.28333,39
2795,23.29167,38
2796,23.3,38
2797,23.30833,38
2798,23.31667,38
2799,23.325,38
2800,23.33333,38
2801,23.34167,38
2802,23.35,38
2803,23.35833,37
2804,23.36667,37
2805,23.375,37
2806,23.38333,37
2807,23.39167,36
2808,23.4,36
2809,23.40833,36
2810,23.41667,36
2811,23.425,36
2812,23.43333,36
2813,23.44167,36
2814,23.45,37
2815,23.45833,37
2816,23.46667,37
2817,23.475,36
2818,23.48333,36
2819,23.49167,36
2820,23.5,36
2821,23.50833,35
2822,23.51667,35
2823,23.525,35
2824,23.53333,35
2825,23.54167,35
2826,23.55,35
2827,23.55833,35
2828,23.56667,35
2829,23.575,35
2830,23.58333,35
2831,23.59167,36
2832,23.6,36
2833,23.60833,36
2834,23.61667,35
2835,23.625,35
2836,23.63333,35
2837,23.64167,35
2838,23.65,35
2839,23.65833,34
2840,23.66667,34
2841,23.675,34
2842,23.68333,34
2843,23.69167,34
2844,23.7,34
2845,23.70833,34
2846,23.71667,34
2847,23.725,33
2848,23.73333,33
2849,23.74167,33
2850,23.75,34
2851,23.75833,34
2852,23.76667,34
2853,23.775,34
2854,23.78333,34
2855,23.79167,33
2856,23.8,33
2857,23.80833,33
2858,23.81667,33
2859,23.825,33
2860,23.83333,33
2861,23.84167,33
2862,23.85,33
2863,23.85833,33
2864,23.86667,33
2865,23.875,32
2866,23.88333,32
2867,23.89167,32
2868,23.9,32
2869,23.90833,32
2870,23.91667,33
2871,23.925,33
2872,23.93333,33
2873,23.94167,33
2874,23.95,33
2875,23.95833,34
2876,23.96667,34
2877,23.975,34
2878,23.98333,34
2879,23.99167,33
2880,24.0,33
2881,24.00833,33
2882,24.01667,33
2883,24.025,33
2884,24.03333,32
2885,24.04167,32
2886,24.05,32
2887,24.05833,32
2888,24.06667,32
2889,24.075,32
2890,24.08333,31
2891,24.09167,31
2892,24.1,31
2893,24.10833,31
2894,24.11667,31
2895,24.125,31
2896,24.13333,31
2897,24.14167,31
2898,24.15,31
2899,24.15833,31
2900,24.16667,31
2901,24.175,31
2902,24.18333,31
2903,24.19167,31
2904,24.2,31
2905,24.20833,31
2906,24.21667,31
2907,24.225,31
2908,24.23333,32
2909,24.24167,32
2910,24.25,32
2911,24.25833,31
2912,24.26667,31
2913,24.275,31
2914,24.28333,31
2915,24.29167,31
2916,24.3,31
2917,24.30833,31
2918,24.31667,31
2919,24.325,31
2920,24.33333,30
2921,24.34167,30
2922,24.35,30
2923,24.35833,30
2924,24.36667,30
2925,24.375,30
2926,24.38333,30
2927,24.39167,30
2928,24.4,30
2929,24.40833,31
2930,24.41667,31
2931,24.425,31
2932,24.43333,31
2933,24.44167,32
2934,24.45,32
2935,24.45833,32
2936,24.46667,32
2937,24.475,32
2938,24.48333,32
2939,24.49167,31
2940,24.5,31
2941,24.50833,31
2942,24.51667,32
2943,24.525,32
2944,24.53333,32
2945,24.54167,32
2946,24.55,32
2947,24.55833,32
2948,24.56667,32
2949,24.575,31
2950,24.58333,31
2951,24.59167,32
2952,24.6,31
2953,24.60833,31
2954,24.61667,31
2955,24.625,31
2956,24.63333,31
2957,24.64167,31
2958,24.65,31
2959,24.65833,31
2960,24.66667,31
2961,24.675,31
2962,24.68333,31
2963,24.69167,31
2964,24.7,31
2965,24.70833,31
2966,24.71667,31
2967,24.725,31
2968,24.73333,31
2969,24.74167,31
2970,24.75,31
2971,24.75833,31
2972,24.76667,31
2973,24.775,31
2974,24.78333,31
2975,24.79167,31
2976,24.8,30
2977,24.80833,30
2978,24.81667,30
2979,24.825,31
2980,24.83333,31
2981,24.84167,31
2982,24.85,31
2983,24.85833,31
2984,24.86667,31
2985,24.875,31
2986,24.88333,32
2987,24.89167,32
2988,24.9,31
2989,24.90833,31
2990,24.91667,32
2991,24.925,32
2992,24.93333,32
2993,24.94167,32
2994,24.95,32
2995,24.95833,32
2996,24.96667,31
2997,24.975,31
2998,24.98333,31
2999,24.99167,31
3000,25.0,31
3001,25.00833,31
3002,25.01667,30
3003,25.025,30
3004,25.03333,30
3005,25.04167,30
3006,25.05,30
3007,25.05833,30
3008,25.06667,30
3009,25.075,31
3010,25.08333,31
3011,25.09167,31
3012,25.1,31
3013,25.10833,31
3014,25.11667,31
3015,25.125,30
3016,25.13333,30
3017,25.14167,30
3018,25.15,30
3019,25.15833,30
3020,25.16667,30
3021,25.175,30
3022,25.18333,30
3023,25.19167,30
3024,25.2,29
3025,25.20833,29
3026,25.21667,29
3027,25.225,29
3028,25.23333,29
3029,25.24167,29
3030,25.25,29
3031,25.25833,29
3032,25.26667,29
3033,25.275,29
3034,25.28333,29
3035,25.29167,29
3036,25.3,29
3037,25.30833,28
3038,25.31667,28
3039,25.325,28
3040,25.33333,28
3041,25.34167,28
3042,25.35,28
3043,25.35833,29
3044,25.36667,29
3045,25.375,29
3046,25.38333,29
3047,25.39167,29
3048,25.4,28
3049,25.40833,28
3050,25.41667,28
3051,25.425,28
3052,25.43333,29
3053,25.44167,29
3054,25.45,29
3055,25.45833,30
3056,25.46667,30
3057,25.475,30
3058,25.48333,30
3059,25.49167,30
3060,25.5,30
3061,25.50833,30
3062,25.51667,30
3063,25.525,29
3064,25.53333,29
3065,25.54167,29
3066,25.55,29
3067,25.55833,29
3068,25.56667,29
3069,25.575,29
3070,25.58333,29
3071,25.59167,29
3072,25.6,29
3073,25.60833,29
3074,25.61667,29
3075,25.625,29
3076,25.63333,29
3077,25.64167,29
3078,25.65,29
3079,25.65833,29
3080,25.66667,29
3081,25.675,29
3082,25.68333,29
3083,25.69167,29
3084,25.7,29
3085,25.70833,29
3086,25.71667,29
3087,25.725,29
3088,25.73333,29
3089,25.74167,29
3090,25.75,29
3091,25.75833,29
3092,25.76667,29
3093,25.775,29
3094,25.78333,29
3095,25.79167,29
3096,25.8,29
3097,25.80833,29
3098,25.81667,29
3099,25.825,29
3100,25.83333,29
3101,25.84167,29
3102,25.85,29
3103,25.85833,29
3104,25.86667,30
3105,25.875,30
3106,25.88333,30
3107,25.89167,30
3108,25.9,30
3109,25.90833,30
3110,25.91667,30
3111,25.925,30
3112,25.93333,30
3113,25.94167,30
3114,25.95,30
3115,25.95833,29
3116,25.96667,30
3117,25.975,30
3118,25.98333,30
3119,25.99167,30
3120,26.0,30
3121,26.00833,29
3122,26.01667,29
3123,26.025,29
3124,26.03333,29
3125,26.04167,29
3126,26.05,29
3127,26.05833,29
3128,26.06667,30
3129,26.075,30
3130,26.08333,30
3131,26.09167,30
3132,26.1,30
3133,26.10833,30
3134,26.11667,30
3135,26.125,30
3136,26.13333,30
3137,26.14167,30
3138,26.15,30
3139,26.15833,30
3140,26.16667,31
3141,26.175,30
3142,26.18333,30
3143,26.19167,30
3144,26.2,30
3145,26.20833,30
3146,26.21667,30
3147,26.225,30
3148,26.23333,30
3149,26.24167,30
3150,26.25,30
3151,26.25833,30
3152,26.26667,30
3153,26.275,30
3154,26.28333,30
3155,26.29167,30
3156,26.3,30
3157,26.30833,31
3158,26.31667,31
3159,26.325,31
3160,26.33333,31
3161,26.34167,31
3162,26.35,31
3163,26.35833,31
3164,26.36667,31
3165,26.375,31
3166,26.38333,31
3167,26.39167,31
3168,26.4,31
3169,26.40833,31
3170,26.41667,31
3171,26.425,31
3172,26.43333,31
3173,26.44167,31
3174,26.45,31
3175,26.45833,31
3176,26.46667,30
3177,26.475,30
3178,26.48333,30
3179,26.49167,30
3180,26.5,30
3181,26.50833,30
3182,26.51667,30
3183,26.525,30
3184,26.53333,30
3185,26.54167,30
3186,26.55,30
3187,26.55833,30
3188,26.56667,30
3189,26.575,30
3190,26.58333,30
3191,26.59167,30
3192,26.6,31
3193,26.60833,31
3194,26.61667,31
3195,26.625,31
3196,26.63333,31
3197,26.64167,31
3198,26.65,31
3199,26.65833,31
3200,26.66667,31
3201,26.675,30
3202,26.68333,30
3203,26.69167,30
3204,26.7,30
3205,26.70833,30
3206,26.71667,30
3207,26.725,30
3208,26.73333,29
3209,26.74167,29
3210,26.75,29
3211,26.75833,28
3212,26.76667,28
3213,26.775,28
3214,26.78333,28
3215,26.79167,28
3216,26.8,28
3217,26.80833,27
3218,26.81667,27
3219,26.825,26
3220,26.83333,25
3221,26.84167,25
3222,26.85,24
3223,26.85833,23
3224,26.86667,23
3225,26.875,22
3226,26.88333,21
3227,26.89167,20
3228,26.9,19
3229,26.90833,18
3230,26.91667,17
3231,26.925,17
3232,26.93333,16
3233,26.94167,15
3234,26.95,14
3235,26.95833,12
3236,26.96667,11
3237,26.975,10
3238,26.98333,8
3239,26.99167,7
3240,27.0,6
3241,27.00833,4
3242,27.01667,3
3243,27.025,2
3244,27.03333,0
3245,27.04167,-2
3246,27.05,-3
3247,27.05833,-5
3248,27.06667,-6
3249,27.075,-8
3250,27.08333,-10
3251,27.09167,-12
3252,27.1,-14
3253,27.10833,-16
3254,27.11667,-18
3255,27.125,-20
3256,27.13333,-22
3257,27.14167,-24
3258,27.15,-26
3259,27.15833,-28
3260,27.16667,-30
3261,27.175,-32
3262,27.18333,-35
3263,27.19167,-37
3264,27.2,-39
3265,27.20833,-41
3266,27.21667,-43
3267,27.225,-46
3268,27.23333,-48
3269,27.24167,-50
3270,27.25,-52
3271,27.25833,-54
3272,27.26667,-56
3273,27.275,-58
3274,27.28333,-60
3275,27.29167,-62
3276,27.3,-64
3277,27.30833,-66
3278,27.31667,-68
3279,27.325,-69
3280,27.33333,-71
3281,27.34167,-73
3282,27.35,-75
3283,27.35833,-76
3284,27.36667,-78
3285,27.375,-79
3286,27.38333,-81
3287,27.39167,-83
3288,27.4,-85
3289,27.40833,-87
3290,27.41667,-88
3291,27.425,-90
3292,27.43333,-91
3293,27.44167,-92
3294,27.45,-93
3295,27.45833,-94
3296,27.46667,-95
3297,27.475,-96
3298,27.48333,-97
3299,27.49167,-98
3300,27.5,-99
3301,27.50833,-100
3302,27.51667,-100
3303,27.525,-101
3304,27.53333,-101
3305,27.54167,-102
3306,27.55,-102
3307,27.55833,-103
3308,27.56667,-103
3309,27.575,-104
3310,27.58333,-104
3311,27.59167,-104
3312,27.6,-105
3313,27.60833,-105
3314,27.61667,-105
3315,27.625,-104
3316,27.63333,-104
3317,27.64167,-103
3318,27.65,-103
3319,27.65833,-102
3320,27.66667,-102
3321,27.675,-101
3322,27.68333,-101
3323,27.69167,-100
3324,27.7,-99
3325,27.70833,-98
3326,27.71667,-97
3327,27.725,-96
3328,27.73333,-95
3329,27.74167,-94
3330,27.75,-92
3331,27.75833,-91
3332,27.76667,-90
3333,27.775,-88
3334,27.78333,-87
3335,27.79167,-85
3336,27.8,-84
3337,27.80833,-82
3338,27.81667,-81
3339,27.825,-79
3340,27.83333,-77
3341,27.84167,-75
3342,27.85,-74
3343,27.85833,-72
3344,27.86667,-70
3345,27.875,-69
3346,27.88333,-67
3347,27.89167,-65
3348,27.9,-63
3349,27.90833,-61
3350,27.91667,-59
3351,27.925,-57
3352,27.93333,-56
3353,27.94167,-54
3354,27.95,-52
3355,27.95833,-50
3356,27.96667,-49
3357,27.975,-46
3358,27.98333,-44
3359,27.99167,-42
3360,28.0,-40
3361,28.00833,-38
3362,28.01667,-36
3363,28.025,-34
3364,28.03333,-33
3365,28.04167,-31
3366,28.05,-29
3367,28.05833,-28
3368,28.06667,-26
3369,28.075,-24
3370,28.08333,-23
3371,28.09167,-21
3372,28.1,-20
3373,28.10833,-19
3374,28.11667,-17
3375,28.125,-16
3376,28.13333,-15
3377,28.14167,-13
3378,28.15,-12
3379,28.15833,-10
3380,28.16667,-9
3381,28.175,-8
3382,28.18333,-7
3383,28.19167,-6
3384,28.2,-4
3385,28.20833,-4
3386,28.21667,-3
3387,28.225,-2
3388,28.23333,-1
3389,28.24167,1
3390,28.25,2
3391,28.25833,3
3392,28.26667,3
3393,28.275,4
3394,28.28333,4
3395,28.29167,4
3396,28.3,5
3397,28.30833,5
3398,28.31667,5
3399,28.325,6
3400,28.33333,7
3401,28.34167,8
3402,28.35,8
3403,28.35833,9
3404,28.36667,9
3405,28.375,10
3406,28.38333,11
3407,28.39167,11
3408,28.4,12
3409,28.40833,12
3410,28.41667,13
3411,28.425,13
3412,28.43333,14
3413,28.44167,14
3414,28.45,14
3415,28.45833,14
3416,28.46667,14
3417,28.475,14
3418,28.48333,15
3419,28.49167,15
3420,28.5,15
3421,28.50833,15
3422,28.51667,15
3423,28.525,15
3424,28.53333,14
3425,28.54167,14
3426,28.55,14
3427,28.55833,14
3428,28.56667,13
3429,28.575,13
3430,28.58333,13
3431,28.59167,13
3432,28.6,13
3433,28.60833,12
3434,28.61667,12
3435,28.625,11
3436,28.63333,11
3437,28.64167,11
3438,28.65,11
3439,28.65833,11
3440,28.66667,11
3441,28.675,10
3442,28.68333,10
3443,28.69167,10
3444,28.7,9
3445,28.70833,8
3446,28.71667,8
3447,28.725,7
3448,28.73333,7
3449,28.74167,7
3450,28.75,6
3451,28.75833,5
3452,28.76667,5
3453,28.775,4
3454,28.78333,4
3455,28.79167,3
3456,28.8,2
3457,28.80833,1
3458,28.81667,1
3459,28.825,0
3460,28.83333,-1
3461,28.84167,-1
3462,28.85,-2
3463,28.85833,-2
3464,28.86667,-3
3465,28.875,-4
3466,28.88333,-4
3467,28.89167,-5
3468,28.9,-5
3469,28.90833,-6
3470,28.91667,-7
3471,28.925,-8
3472,28.93333,-9
3473,28.94167,-9
3474,28.95,-10
3475,28.95833,-12
3476,28.96667,-13
3477,28.975,-13
3478,28.98333,-14
3479,28.99167,-15
3480,29.0,-16
3481,29.00833,-16
3482,29.01667,-17
3483,29.025,-17
3484,29.03333,-18
3485,29.04167,-18
3486,29.05,-19
3487,29.05833,-20
3488,29.06667,-20
3489,29.075,-21
3490,29.08333,-22
3491,29.09167,-22
3492,29.1,-23
3493,29.10833,-23
3494,29.11667,-24
3495,29.125,-25
3496,29.13333,-26
3497,29.14167,-27
3498,29.15,-27
3499,29.15833,-27
3500,29.16667,-27
3501,29.175,-27
3502,29.18333,-28
3503,29.19167,-28
3504,29.2,-29
3505,29.20833,-29
3506,29.21667,-29
3507,29.225,-29
3508,29.23333,-30
3509,29.24167,-30
3510,29.25,-30
3511,29.25833,-30
3512,29.26667,-31
3513,29.275,-31
3514,29.28333,-31
3515,29.29167,-31
3516,29.3,-31
3517,29.30833,-31
3518,29.31667,-31
3519,29.325,-30
3520,29.33333,-30
3521,29.34167,-30
3522,29.35,-30
3523,29.35833,-30
3524,29.36667,-29
3525,29.375,-29
3526,29.38333,-29
3527,29.39167,-29
3528,29.4,-28
3529,29.40833,-28
3530,29.41667,-27
3531,29.425,-27
3532,29.43333,-26
3533,29.44167,-26
3534,29.45,-26
3535,29.45833,-25
3536,29.46667,-24
3537,29.475,-24
3538,29.48333,-23
3539,29.49167,-23
3540,29.5,-23
3541,29.50833,-22
3542,29.51667,-22
3543,29.525,-21
3544,29.53333,-21
3545,29.54167,-20
3546,29.55,-19
3547,29.55833,-18
3548,29.56667,-17
3549,29.575,-17
3550,29.58333,-16
3551,29.59167,-15
3552,29.6,-15
3553,29.60833,-14
3554,29.61667,-13
3555,29.625,-12
3556,29.63333,-11
3557,29.64167,-11
3558,29.65,-11
3559,29.65833,-10
3560,29.66667,-9
3561,29.675,-9
3562,29.68333,-8
3563,29.69167,-7
3564,29.7,-6
3565,29.70833,-5
3566,29.71667,-4
3567,29.725,-4
3568,29.73333,-3
3569,29.74167,-2
3570,29.75,-2
3571,29.75833,-1
3572,29.76667,0
3573,29.775,0
3574,29.78333,1
3575,29.79167,1
3576,29.8,2
3577,29.80833,3
3578,29.81667,3
3579,29.825,3
3580,29.83333,4
3581,29.84167,5
3582,29.85,5
3583,29.85833,6
3584,29.86667,6
3585,29.875,7
3586,29.88333,8
3587,29.89167,8
3588,29.9,8
3589,29.90833,8
3590,29.91667,9
3591,29.925,9
3592,29.93333,9
3593,29.94167,9
3594,29.95,10
3595,29.95833,10
3596,29.96667,11
3597,29.975,12
3598,29.98333,12
3599,29.99167,12
3600,30.0,12
3601,30.00833,12
3602,30.01667,13
3603,30.025,13
3604,30.03333,13
3605,30.04167,13
3606,30.05,13
3607,30.05833,13
3608,30.06667,14
3609,30.075,14
3610,30.08333,15
3611,30.09167,15
3612,30.1,15
3613,30.10833,16
3614,30.11667,16
3615,30.125,16
3616,30.13333,16
3617,30.14167,16
3618,30.15,16
3619,30.15833,16
3620,30.16667,16
3621,30.175,16
3622,30.18333,17
3623,30.19167,17
3624,30.2,17
3625,30.20833,17
3626,30.21667,17
3627,30.225,18
3628,30.23333,17
3629,30.24167,17
3630,30.25,17
3631,30.25833,17
3632,30.26667,18
3633,30.275,18
3634,30.28333,18
3635,30.29167,18
3636,30.3,18
3637,30.30833,19
3638,30.31667,19
3639,30.325,19
3640,30.33333,19
3641,30.34167,19
3642,30.35,20
3643,30.35833,19
3644,30.36667,19
3645,30.375,20
3646,30.38333,20
3647,30.39167,20
3648,30.4,20
3649,30.40833,20
3650,30.41667,20
3651,30.425,20
3652,30.43333,20
3653,30.44167,19
3654,30.45,19
3655,30.45833,19
3656,30.46667,20
3657,30.475,20
3658,30.48333,20
3659,30.49167,20
3660,30.5,20
3661,30.50833,21
3662,30.51667,21
3663,30.525,21
3664,30.53333,21
3665,30.54167,21
3666,30.55,21
3667,30.55833,21
3668,30.56667,21
3669,30.575,22
3670,30.58333,22
3671,30.59167,22
3672,30.6,22
3673,30.60833,23
3674,30.61667,23
3675,30.625,23
3676,30.63333,23
3677,30.64167,23
3678,30.65,23
3679,30.65833,23
3680,30.66667,24
3681,30.675,23
3682,30.68333,23
3683,30.69167,23
3684,30.7,23
3685,30.70833,23
3686,30.71667,23
3687,30.725,23
3688,30.73333,23
3689,30.74167,23
3690,30.75,23
3691,30.75833,23
3692,30.76667,23
3693,30.775,23
3694,30.78333,23
3695,30.79167,23
3696,30.8,23
3697,30.80833,24
3698,30.81667,24
3699,30.825,24
3700,30.83333,24
3701,30.84167,24
3702,30.85,25
3703,30.85833,25
3704,30.86667,25
3705,30.875,25
3706,30.88333,25
3707,30.89167,25
3708,30.9,26
3709,30.90833,25
3710,30.91667,25
3711,30.925,25
3712,30.93333,24
3713,30.94167,24
3714,30.95,25
3715,30.95833,25
3716,30.96667,25
3717,30.975,25
3718,30.98333,25
3719,30.99167,26
3720,31.0,26
3721,31.00833,26
3722,31.01667,26
3723,31.025,26
3724,31.03333,26
3725,31.04167,26
3726,31.05,26
3727,31.05833,26
3728,31.06667,26
3729,31.075,26
3730,31.08333,26
3731,31.09167,26
3732,31.1,26
3733,31.10833,27
3734,31.11667,27
3735,31.125,27
3736,31.13333,27
3737,31.14167,26
3738,31.15,26
3739,31.15833,27
3740,31.16667,26
3741,31.175,26
3742,31.18333,26
3743,31.19167,26
3744,31.2,26
3745,31.20833,27
3746,31.21667,27
3747,31.225,27
3748,31.23333,27
3749,31.24167,28
3750,31.25,28
3751,31.25833,27
3752,31.26667,27
3753,31.275,27
3754,31.28333,27
3755,31.29167,28
3756,31.3,28
3757,31.30833,28
3758,31.31667,28
3759,31.325,28
3760,31.33333,28
3761,31.34167,28
3762,31.35,28
3763,31.35833,28
3764,31.36667,29
3765,31.375,29
3766,31.38333,30
3767,31.39167,30
3768,31.4,30
3769,31.40833,30
3770,31.41667,30
3771,31.425,30
3772,31.43333,30
3773,31.44167,30
3774,31.45,30
3775,31.45833,30
3776,31.46667,30
3777,31.475,31
3778,31.48333,31
3779,31.49167,31
3780,31.5,32
3781,31.50833,32
3782,31.51667,32
3783,31.525,32
3784,31.53333,32
3785,31.54167,32
3786,31.55,32
3787,31.55833,32
3788,31.56667,32
3789,31.575,32
3790,31.58333,31
3791,31.59167,31
3792,31.6,31
3793,31.60833,31
3794,31.61667,31
3795,31.625,32
3796,31.63333,32
3797,31.64167,32
3798,31.65,32
3799,31.65833,32
3800,31.66667,32
3801,31.675,32
3802,31.68333,32
3803,31.69167,32
3804,31.7,33
3805,31.70833,33
3806,31.71667,33
3807,31.725,33
3808,31.73333,33
3809,31.74167,33
3810,31.75,32
3811,31.75833,32
3812,31.76667,32
3813,31.775,32
3814,31.78333,32
3815,31.79167,32
3816,31.8,32
3817,31.80833,32
3818,31.81667,32
3819,31.825,32
3820,31.83333,32
3821,31.84167,32
3822,31.85,32
3823,31.85833,32
3824,31.86667,32
3825,31.875,32
3826,31.88333,32
3827,31.89167,33
3828,31.9,33
3829,31.90833,33
3830,31.91667,33
3831,31.925,32
3832,31.93333,32
3833,31.94167,32
3834,31.95,32
3835,31.95833,32
3836,31.96667,32
3837,31.975,32
3838,31.98333,33
3839,31.99167,33
3840,32.0,33
3841,32.00833,33
3842,32.01667,33
3843,32.025,33
3844,32.03333,33
3845,32.04167,33
3846,32.05,32
3847,32.05833,32
3848,32.06667,32
3849,32.075,32
3850,32.08333,33
3851,32.09167,33
3852,32.1,33
3853,32.10833,33
3854,32.11667,33
3855,32.125,32
3856,32.13333,32
3857,32.14167,32
3858,32.15,32
3859,32.15833,32
3860,32.16667,32
3861,32.175,32
3862,32.18333,31
3863,32.19167,31
3864,32.2,31
3865,32.20833,31
3866,32.21667,31
3867,32.225,32
3868,32.23333,32
3869,32.24167,32
3870,32.25,32
3871,32.25833,31
3872,32.26667,31
3873,32.275,31
3874,32.28333,31
3875,32.29167,31
3876,32.3,31
3877,32.30833,31
3878,32.31667,31
3879,32.325,31
3880,32.33333,31
3881,32.34167,31
3882,32.35,31
3883,32.35833,31
3884,32.36667,31
3885,32.375,31
3886,32.38333,31
3887,32.39167,30
3888,32.4,30
3889,32.40833,30
3890,32.41667,30
3891,32.425,30
3892,32.43333,30
3893,32.44167,30
3894,32.45,30
3895,32.45833,30
3896,32.46667,30
3897,32.475,29
3898,32.48333,29
3899,32.49167,29
3900,32.5,29
3901,32.50833,29
3902,32.51667,29
3903,32.525,29
3904,32.53333,29
3905,32.54167,29
3906,32.55,29
3907,32.55833,29
3908,32.56667,29
3909,32.575,29
3910,32.58333,28
3911,32.59167,28
3912,32.6,28
3913,32.60833,28
3914,32.61667,28
3915,32.625,28
3916,32.63333,28
3917,32.64167,28
3918,32.65,28
3919,32.65833,28
3920,32.66667,28
3921,32.675,28
3922,32.68333,28
3923,32.69167,28
3924,32.7,28
3925,32.70833,28
3926,32.71667,28
3927,32.725,27
3928,32.73333,27
3929,32.74167,27
3930,32.75,27
3931,32.75833,27
3932,32.76667,27
3933,32.775,27
3934,32.78333,26
3935,32.79167,26
3936,32.8,26
3937,32.80833,27
3938,32.81667,27
3939,32.825,27
3940,32.83333,27
3941,32.84167,27
3942,32.85,26
3943,32.85833,26
3944,32.86667,26
3945,32.875,26
3946,32.88333,26
3947,32.89167,25
3948,32.9,25
3949,32.90833,25
3950,32.91667,25
3951,32.925,25
3952,32.93333,25
3953,32.94167,25
3954,32.95,25
3955,32.95833,25
3956,32.96667,24
3957,32.975,24
3958,32.98333,24
3959,32.99167,24
3960,33.0,24
3961,33.00833,24
3962,33.01667,24
3963,33.025,24
3964,33.03333,24
3965,33.04167,24
3966,33.05,24
3967,33.05833,24
3968,33.06667,25
3969,33.075,25
3970,33.08333,25
3971,33.09167,25
3972,33.1,25
3973,33.10833,25
3974,33.11667,24
3975,33.125,25
3976,33.13333,25
3977,33.14167,25
3978,33.15,25
3979,33.15833,25
3980,33.16667,25
3981,33.175,25
3982,33.18333,24
3983,33.19167,24
3984,33.2,24
3985,33.20833,24
3986,33.21667,23
3987,33.225,23
3988,33.23333,23
3989,33.24167,24
3990,33.25,24
3991,33.25833,24
3992,33.26667,24
3993,33.275,24
3994,33.28333,24
3995,33.29167,24
3996,33.3,25
3997,33.30833,25
3998,33.31667,24
3999,33.325,24
4000,33.33333,24
4001,33.34167,24
4002,33.35,24
4003,33.35833,24
4004,33.36667,24
4005,33.375,24
4006,33.38333,24
4007,33.39167,24
4008,33.4,24
4009,33.40833,25
4010,33.41667,25
4011,33.425,25
4012,33.43333,25
4013,33.44167,24
4014,33.45,24
4015,33.45833,24
4016,33.46667,24
4017,33.475,24
4018,33.48333,24
4019,33.49167,24
4020,33.5,24
4021,33.50833,24
4022,33.51667,24
4023,33.525,24
4024,33.53333,24
4025,33.54167,24
4026,33.55,24
4027,33.55833,24
4028,33.56667,24
4029,33.575,24
4030,33.58333,24
4031,33.59167,24
4032,33.6,25
4033,33.60833,25
4034,33.61667,25
4035,33.625,25
4036,33.63333,25
4037,33.64167,25
4038,33.65,25
4039,33.65833,26
4040,33.66667,25
4041,33.675,25
4042,33.68333,25
4043,33.69167,25
4044,33.7,25
4045,33.70833,25
4046,33.71667,25
4047,33.725,26
4048,33.73333,26
4049,33.74167,26
4050,33.75,26
4051,33.75833,25
4052,33.76667,25
4053,33.775,25
4054,33.78333,25
4055,33.79167,25
4056,33.8,25
4057,33.80833,25
4058,33.81667,25
4059,33.825,25
4060,33.83333,25
4061,33.84167,25
4062,33.85,25
4063,33.85833,25
4064,33.86667,25
4065,33.875,25
4066,33.88333,25
4067,33.89167,26
4068,33.9,26
4069,33.90833,26
4070,33.91667,26
4071,33.925,27
4072,33.93333,27
4073,33.94167,27
4074,33.95,26
4075,33.95833,26
4076,33.96667,26
4077,33.975,26
4078,33.98333,26
4079,33.99167,26
4080,34.0,26
4081,34.00833,26
4082,34.01667,26
4083,34.025,26
4084,34.03333,25
4085,34.04167,25
4086,34.05,25
4087,34.05833,25
4088,34.06667,26
4089,34.075,26
4090,34.08333,26
4091,34.09167,26
4092,34.1,26
4093,34.10833,26
4094,34.11667,26
4095,34.125,26
4096,34.13333,26
4097,34.14167,26
4098,34.15,26
4099,34.15833,26
4100,34.16667,26
4101,34.175,26
4102,34.18333,26
4103,34.19167,26
4104,34.2,26
4105,34.20833,25
4106,34.21667,26
4107,34.225,26
4108,34.23333,26
4109,34.24167,26
4110,34.25,26
4111,34.25833,26
4112,34.26667,26
4113,34.275,26
4114,34.28333,25
4115,34.29167,25
4116,34.3,25
4117,34.30833,26
4118,34.31667,26
4119,34.325,26
4120,34.33333,26
4121,34.34167,26
4122,34.35,27
4123,34.35833,27
4124,34.36667,26
4125,34.375,26
4126,34.38333,26
4127,34.39167,26
4128,34.4,26
4129,34.40833,26
4130,34.41667,26
4131,34.425,26
4132,34.43333,25
4133,34.44167,25
4134,34.45,25
4135,34.45833,25
4136,34.46667,25
4137,34.475,25
4138,34.48333,25
4139,34.49167,26
4140,34.5,26
4141,34.50833,26
4142,34.51667,26
4143,34.525,26
4144,34.53333,25
4145,34.54167,25
4146,34.55,25
4147,34.55833,25
4148,34.56667,25
4149,34.575,25
4150,34.58333,25
4151,34.59167,25
4152,34.6,25
4153,34.60833,25
4154,34.61667,26
4155,34.625,26
4156,34.63333,26
4157,34.64167,25
4158,34.65,25
4159,34.65833,25
4160,34.66667,25
4161,34.675,25
4162,34.68333,26
4163,34.69167,26
4164,34.7,26
4165,34.70833,26
4166,34.71667,25
4167,34.725,25
4168,34.73333,25
4169,34.74167,25
4170,34.75,25
4171,34.75833,25
4172,34.76667,25
4173,34.775,25
4174,34.78333,25
4175,34.79167,25
4176,34.8,25
4177,34.80833,25
4178,34.81667,25
4179,34.825,25
4180,34.83333,26
4181,34.84167,26
4182,34.85,25
4183,34.85833,25
4184,34.86667,25
4185,34.875,25
4186,34.88333,24
4187,34.89167,25
4188,34.9,25
4189,34.90833,25
4190,34.91667,25
4191,34.925,25
4192,34.93333,25
4193,34.94167,25
4194,34.95,25
4195,34.95833,26
4196,34.96667,26
4197,34.975,25
4198,34.98333,25
4199,34.99167,25
4200,35.0,25
4201,35.00833,25
4202,35.01667,25
4203,35.025,24
4204,35.03333,24
4205,35.04167,24
4206,35.05,24
4207,35.05833,24
4208,35.06667,25
4209,35.075,25
4210,35.08333,25
4211,35.09167,25
4212,35.1,25
4213,35.10833,25
4214,35.11667,26
4215,35.125,26
4216,35.13333,26
4217,35.14167,26
4218,35.15,25
4219,35.15833,25
4220,35.16667,25
4221,35.175,25
4222,35.18333,25
4223,35.19167,25
4224,35.2,25
4225,35.20833,25
4226,35.21667,25
4227,35.225,25
4228,35.23333,25
4229,35.24167,26
4230,35.25,26
4231,35.25833,26
4232,35.26667,26
4233,35.275,26
4234,35.28333,26
4235,35.29167,26
4236,35.3,26
4237,35.30833,26
4238,35.31667,26
4239,35.325,26
4240,35.33333,26
4241,35.34167,26
4242,35.35,26
4243,35.35833,26
4244,35.36667,26
4245,35.375,26
4246,35.38333,25
4247,35.39167,26
4248,35.4,26
4249,35.40833,26
4250,35.41667,26
4251,35.425,26
4252,35.43333,26
4253,35.44167,25
4254,35.45,24
4255,35.45833,24
4256,35.46667,25
4257,35.475,25
4258,35.48333,25
4259,35.49167,25
4260,35.5,25
4261,35.50833,25
4262,35.51667,25
4263,35.525,26
4264,35.53333,26
4265,35.54167,26
4266,35.55,26
4267,35.55833,26
4268,35.56667,26
4269,35.575,26
4270,35.58333,26
4271,35.59167,26
4272,35.6,25
4273,35.60833,25
4274,35.61667,25
4275,35.625,25
4276,35.63333,25
4277,35.64167,25
4278,35.65,26
4279,35.65833,26
4280,35.66667,25
4281,35.675,25
4282,35.68333,25
4283,35.69167,24
4284,35.7,24
4285,35.70833,24
4286,35.71667,24
4287,35.725,24
4288,35.73333,24
4289,35.74167,25
4290,35.75,25
4291,35.75833,25
4292,35.76667,25
4293,35.775,25
4294,35.78333,25
4295,35.79167,26
4296,35.8,26
4297,35.80833,26
4298,35.81667,26
4299,35.825,26
4300,35.83333,25
4301,35.84167,25
4302,35.85,25
4303,35.85833,24
4304,35.86667,24
4305,35.875,25
4306,35.88333,25
4307,35.89167,25
4308,35.9,25
4309,35.90833,25
4310,35.91667,25
4311,35.925,25
4312,35.93333,25
4313,35.94167,25
4314,35.95,25
4315,35.95833,25
4316,35.96667,25
4317,35.975,25
4318,35.98333,25
4319,35.99167,24
4320,36.0,24
4321,36.00833,24
4322,36.01667,25
4323,36.025,25
4324,36.03333,24
4325,36.04167,24
4326,36.05,24
4327,36.05833,24
4328,36.06667,24
4329,36.075,24
4330,36.08333,25
4331,36.09167,25
4332,36.1,24
4333,36.10833,24
4334,36.11667,24
4335,36.125,24
4336,36.13333,24
4337,36.14167,24
4338,36.15,25
4339,36.15833,25
4340,36.16667,25
4341,36.175,25
4342,36.18333,25
4343,36.19167,25
4344,36.2,25
4345,36.20833,25
4346,36.21667,25
4347,36.225,25
4348,36.23333,25
4349,36.24167,26
4350,36.25,25
4351,36.25833,25
4352,36.26667,25
4353,36.275,25
4354,36.28333,25
4355,36.29167,25
4356,36.3,25
4357,36.30833,25
4358,36.31667,25
4359,36.325,25
4360,36.33333,25
4361,36.34167,25
4362,36.35,24
4363,36.35833,24
4364,36.36667,24
4365,36.375,24
4366,36.38333,24
4367,36.39167,24
4368,36.4,24
4369,36.40833,24
4370,36.41667,24
4371,36.425,24
4372,36.43333,24
4373,36.44167,25
4374,36.45,25
4375,36.45833,25
4376,36.46667,24
4377,36.475,24
4378,36.48333,24
4379,36.49167,25
4380,36.5,25
4381,36.50833,26
4382,36.51667,26
4383,36.525,25
4384,36.53333,26
4385,36.54167,26
4386,36.55,26
4387,36.55833,26
4388,36.56667,25
4389,36.575,25
4390,36.58333,25
4391,36.59167,25
4392,36.6,25
4393,36.60833,25
4394,36.61667,25
4395,36.625,25
4396,36.63333,25
4397,36.64167,26
4398,36.65,26
4399,36.65833,26
4400,36.66667,26
4401,36.675,26
4402,36.68333,26
4403,36.69167,26
4404,36.7,26
4405,36.70833,26
4406,36.71667,26
4407,36.725,26
4408,36.73333,26
4409,36.74167,26
4410,36.75,26
4411,36.75833,26
4412,36.76667,26
4413,36.775,26
4414,36.78333,26
4415,36.79167,26
4416,36.8,26
4417,36.80833,26
4418,36.81667,26
4419,36.825,26
4420,36.83333,26
4421,36.84167,26
4422,36.85,26
4423,36.85833,26
4424,36.86667,26
4425,36.875,26
4426,36.88333,26
4427,36.89167,26
4428,36.9,26
4429,36.90833,26
4430,36.91667,26
4431,36.925,26
4432,36.93333,26
4433,36.94167,26
4434,36.95,26
4435,36.95833,26
4436,36.96667,26
4437,36.975,26
4438,36.98333,25
4439,36.99167,26
4440,37.0,26
4441,37.00833,26
4442,37.01667,26
4443,37.025,26
4444,37.03333,26
4445,37.04167,26
4446,37.05,26
4447,37.05833,26
4448,37.06667,27
4449,37.075,27
4450,37.08333,27
4451,37.09167,27
4452,37.1,27
4453,37.10833,27
4454,37.11667,27
4455,37.125,27
4456,37.13333,27
4457,37.14167,27
4458,37.15,27
4459,37.15833,27
4460,37.16667,27
4461,37.175,27
4462,37.18333,27
4463,37.19167,27
4464,37.2,27
4465,37.20833,27
4466,37.21667,28
4467,37.225,28
4468,37.23333,27
4469,37.24167,27
4470,37.25,27
4471,37.25833,26
4472,37.26667,27
4473,37.275,27
4474,37.28333,27
4475,37.29167,27
4476,37.3,27
4477,37.30833,27
4478,37.31667,27
4479,37.325,26
4480,37.33333,26
4481,37.34167,26
4482,37.35,26
4483,37.35833,26
4484,37.36667,26
4485,37.375,26
4486,37.38333,26
4487,37.39167,26
4488,37.4,26
4489,37.40833,26
4490,37.41667,26
4491,37.425,26
4492,37.43333,26
4493,37.44167,26
4494,37.45,26
4495,37.45833,26
4496,37.46667,26
4497,37.475,26
4498,37.48333,26
4499,37.49167,26
4500,37.5,26
4501,37.50833,26
4502,37.51667,26
4503,37.525,26
4504,37.53333,26
4505,37.54167,26
4506,37.55,26
4507,37.55833,26
4508,37.56667,27
4509,37.575,26
4510,37.58333,26
4511,37.59167,26
4512,37.6,26
4513,37.60833,26
4514,37.61667,26
4515,37.625,27
4516,37.63333,27
4517,37.64167,27
4518,37.65,27
4519,37.65833,27
4520,37.66667,27
4521,37.675,26
4522,37.68333,26
4523,37.69167,26
4524,37.7,26
4525,37.70833,25
4526,37.71667,25
4527,37.725,25
4528,37.73333,25
4529,37.74167,25
4530,37.75,25
4531,37.75833,26
4532,37.76667,26
4533,37.775,26
4534,37.78333,26
4535,37.79167,26
4536,37.8,26
4537,37.80833,26
4538,37.81667,26
4539,37.825,26
4540,37.83333,26
4541,37.84167,26
4542,37.85,26
4543,37.85833,26
4544,37.86667,25
4545,37.875,26
4546,37.88333,26
4547,37.89167,26
4548,37.9,26
4549,37.90833,26
4550,37.91667,25
4551,37.925,25
4552,37.93333,25
4553,37.94167,25
4554,37.95,26
4555,37.95833,26
4556,37.96667,26
4557,37.975,26
4558,37.98333,26
4559,37.99167,26
4560,38.0,25
4561,38.00833,25
4562,38.01667,25
4563,38.025,25
4564,38.03333,25
4565,38.04167,25
4566,38.05,25
4567,38.05833,25
4568,38.06667,25
4569,38.075,25
4570,38.08333,26
4571,38.09167,26
4572,38.1,25
4573,38.10833,25
4574,38.11667,25
4575,38.125,25
4576,38.13333,25
4577,38.14167,25
4578,38.15,26
4579,38.15833,26
4580,38.16667,26
4581,38.175,26
4582,38.18333,26
4583,38.19167,26
4584,38.2,26
4585,38.20833,26
4586,38.21667,26
4587,38.225,26
4588,38.23333,26
4589,38.24167,25
4590,38.25,25
4591,38.25833,25
4592,38.26667,25
4593,38.275,24
4594,38.28333,24
4595,38.29167,24
4596,38.3,24
4597,38.30833,24
4598,38.31667,24
4599,38.325,24
4600,38.33333,25
4601,38.34167,24
4602,38.35,24
4603,38.35833,24
4604,38.36667,24
4605,38.375,24
4606,38.38333,24
4607,38.39167,24
4608,38.4,24
4609,38.40833,24
4610,38.41667,24
4611,38.425,24
4612,38.43333,24
4613,38.44167,24
4614,38.45,24
4615,38.45833,24
4616,38.46667,24
4617,38.475,24
4618,38.48333,25
4619,38.49167,25
4620,38.5,25
4621,38.50833,25
4622,38.51667,25
4623,38.525,25
4624,38.53333,25
4625,38.54167,25
4626,38.55,25
4627,38.55833,25
4628,38.56667,25
4629,38.575,25
4630,38.58333,26
4631,38.59167,25
4632,38.6,25
4633,38.60833,25
4634,38.61667,24
4635,38.625,24
4636,38.63333,24
4637,38.64167,24
4638,38.65,24
4639,38.65833,23
4640,38.66667,23
4641,38.675,23
4642,38.68333,23
4643,38.69167,23
4644,38.7,23
4645,38.70833,23
4646,38.71667,23
4647,38.725,23
4648,38.73333,23
4649,38.74167,23
4650,38.75,23
4651,38.75833,23
4652,38.76667,23
4653,38.775,23
4654,38.78333,23
4655,38.79167,23
4656,38.8,23
4657,38.80833,24
4658,38.81667,24
4659,38.825,24
4660,38.83333,23
4661,38.84167,23
4662,38.85,23
4663,38.85833,23
4664,38.86667,23
4665,38.875,23
4666,38.88333,23
4667,38.89167,23
4668,38.9,23
4669,38.90833,23
4670,38.91667,23
4671,38.925,22
4672,38.93333,22
4673,38.94167,22
4674,38.95,22
4675,38.95833,22
4676,38.96667,22
4677,38.975,22
4678,38.98333,22
4679,38.99167,22
4680,39.0,22
4681,39.00833,22
4682,39.01667,22
4683,39.025,22
4684,39.03333,23
4685,39.04167,23
4686,39.05,22
4687,39.05833,22
4688,39.06667,22
4689,39.075,22
4690,39.08333,22
4691,39.09167,22
4692,39.1,22
4693,39.10833,22
4694,39.11667,23
4695,39.125,23
4696,39.13333,23
4697,39.14167,23
4698,39.15,23
4699,39.15833,23
4700,39.16667,23
4701,39.175,23
4702,39.18333,23
4703,39.19167,23
4704,39.2,23
4705,39.20833,23
4706,39.21667,23
4707,39.225,23
4708,39.23333,23
4709,39.24167,23
4710,39.25,22
4711,39.25833,22
4712,39.26667,22
4713,39.275,22
4714,39.28333,22
4715,39.29167,22
4716,39.3,22
4717,39.30833,22
4718,39.31667,22
4719,39.325,22
4720,39.33333,22
4721,39.34167,22
4722,39.35,22
4723,39.35833,22
4724,39.36667,22
4725,39.375,22
4726,39.38333,22
4727,39.39167,22
4728,39.4,22
4729,39.40833,22
4730,39.41667,22
4731,39.425,22
4732,39.43333,22
4733,39.44167,22
4734,39.45,22
4735,39.45833,22
4736,39.46667,22
4737,39.475,21
4738,39.48333,21
4739,39.49167,21
4740,39.5,22
4741,39.50833,22
4742,39.51667,22
4743,39.525,22
4744,39.53333,22
4745,39.54167,22
4746,39.55,22
4747,39.55833,22
4748,39.56667,22
4749,39.575,22
4750,39.58333,23
4751,39.59167,22
4752,39.6,22
4753,39.60833,22
4754,39.61667,22
4755,39.625,22
4756,39.63333,22
4757,39.64167,22
4758,39.65,22
4759,39.65833,22
4760,39.66667,22
4761,39.675,22
4762,39.68333,22
4763,39.69167,22
4764,39.7,21
4765,39.70833,22
4766,39.71667,22
4767,39.725,21
4768,39.73333,22
4769,39.74167,21
4770,39.75,21
4771,39.75833,21
4772,39.76667,21
4773,39.775,22
4774,39.78333,22
4775,39.79167,22
4776,39.8,22
4777,39.80833,22
4778,39.81667,21
4779,39.825,21
4780,39.83333,21
4781,39.84167,21
4782,39.85,21
4783,39.85833,21
4784,39.86667,21
4785,39.875,21
4786,39.88333,22
4787,39.89167,22
4788,39.9,21
4789,39.90833,21
4790,39.91667,21
4791,39.925,21
4792,39.93333,21
4793,39.94167,21
4794,39.95,21
4795,39.95833,21
4796,39.96667,22
4797,39.975,22
4798,39.98333,22
4799,39.99167,22
4800,40.0,22
